1.079067523535037765e-04
1.375931233112137608e-04
1.106252827867693078e-04
3.183432664964624959e-04
1.119685991052624119e-04
1.863427349124702204e-04
1.226249077841690127e-04
1.362822868655744202e-04
3.714993141815461919e-04
1.827496926337657257e-04
9.765661670824155038e-05
2.868743442371868291e-04
1.724996734038183877e-04
1.099370354451512100e-04
1.284060923215091243e-04
1.061251323744571984e-04
1.010633944831251796e-04
1.300312501173461754e-04
1.358129003159458392e-04
1.238137409798056865e-04
2.022809228431621253e-04
1.164991339147603000e-04
1.947488519699058784e-04
1.227185056973389976e-04
1.242495999187465117e-04
1.343442047033183151e-04
1.277495099455405736e-04
3.394681059513612875e-04
1.262500806897826067e-04
1.021558357980345555e-04
1.596872366778703811e-04
1.618121654205217919e-04
1.190310505982603018e-04
2.406870337166161500e-04
1.169061218556088910e-04
2.154335251192129874e-04
2.343430975471072486e-04
2.706555953976147455e-04
2.154996490180693947e-04
1.436555672493233793e-04
1.474991352856669380e-04
2.876245245263253647e-04
1.559667196293634817e-04
1.751854911336003795e-04
1.834370086528647192e-04
2.952494948208622683e-04
3.572806968670655392e-04
3.609680355508293470e-04
1.257063119092793890e-04
2.776284659304737064e-04
2.080906512799539799e-04
1.500161193483274397e-04
2.717553753068327471e-04
1.433354530730613502e-04
1.315537216551518340e-04
2.948296257809551908e-04
1.621957526337491212e-04
1.998294879852133277e-04
1.142742398523230452e-04
3.010613784742529513e-04
1.641468424186109942e-04
1.102738152971606544e-04
1.437864848458925149e-04
8.936419186951483073e-05
1.336001061773995496e-04
1.052831014240682150e-04
1.095401950581800961e-04
1.549285630597224683e-04
4.229310384390172484e-04
1.165139469401759581e-04
1.704328137488944237e-04
1.344183316155829477e-04
1.563578314742394837e-04
3.244799422909899408e-04
3.930279773522457956e-04
2.621910630659610338e-04
1.189766662469168151e-04
1.187404415144283076e-04
5.243123582633416047e-04
6.623683147937774011e-04
1.272152097620115468e-04
2.493496352921756917e-04
2.822914970417886391e-04
1.080082351327393830e-04
2.087019495749034559e-04
2.679240936860223781e-04
1.165846493113827445e-04
3.930514053380965850e-04
1.723802741088594978e-04
3.678958970835446290e-04
1.720905855578658272e-04
2.974778191031661381e-04
1.899577382304916406e-04
1.765007111552974184e-04
1.742606442589715587e-04
2.539862559140706327e-04
3.273765021790670925e-04
3.538023384383932619e-04
3.628422231959035384e-04
1.422118083650239506e-04
4.049924419715744250e-04
4.436190066528329298e-04
3.857305772657763400e-04
1.285388884637462398e-04
1.947561066316032090e-04
2.375622824342324413e-04
1.078784466227503385e-04
1.691187444854570093e-04
1.489120070857711652e-04
3.691598880064842977e-04
2.827344720230215609e-04
3.101064497327980828e-04
3.457602702427601052e-04
3.675350817281068097e-04
3.995753576891411594e-04
2.963129897232672817e-04
3.196883313587886534e-04
1.057659244589406744e-04
1.786871652712268988e-04
3.180306142579413485e-04
4.371038117432287252e-04
1.457075306205962012e-04
1.503873284902435600e-04
1.051274574417567810e-04
1.476599478808203469e-04
1.202590622392406456e-04
1.608734976629285158e-04
1.537529661150207217e-04
1.364845328638061156e-04
1.508497384120153356e-04
2.859213652997152433e-04
2.164378306139247421e-04
1.801512046758560470e-04
1.418151931990964745e-04
1.327021908447752630e-04
1.080279033298259944e-04
1.031443203946959090e-04
4.612840845997084882e-04
1.312481497392700702e-04
1.086526971695034316e-04
1.643204600169315827e-04
2.585000528135266047e-04
2.831526415696785162e-04
2.680384280629661067e-04
2.913930231974470354e-04
4.391732922689114971e-04
4.281985297800673315e-04
1.405278218786325251e-04
2.611402209750056380e-04
1.619923599730180991e-04
3.179180028276627334e-04
1.146124089649435546e-04
3.261032318765677562e-04
4.541804906850934603e-04
2.974497231471250579e-04
1.478999592343446801e-04
1.983892217874497210e-04
1.623044506354380870e-04
1.526671625737782451e-04
1.016510444549686976e-04
1.169835324747875438e-04
3.217269215775617024e-04
1.649618768278550418e-04
3.477539396743976625e-04
1.261406880010175480e-04
1.071257680041529103e-04
1.749357339938810603e-04
3.571949372680315472e-04
3.794288526079837940e-04
1.817643814618072947e-04
1.234773590978316404e-04
1.261381484434880018e-04
1.202590158082147108e-04
9.577504924081171531e-05
1.704657831978359734e-04
1.679193820072774710e-04
1.157555469347357202e-04
1.663688589216370112e-04
3.228389464471016681e-04
1.333108392201215464e-04
2.578496382913131324e-04
3.641851770936413435e-04
1.088717458161115280e-04
2.420439041850395035e-04
1.737380741961835895e-04
1.606897605071957308e-04
2.963005520246109106e-04
1.148549562414967473e-04
1.703802803513596725e-04
2.855247337117401262e-04
2.036331091000587873e-04
2.547367987375407164e-04
1.229061671849385196e-04
3.913119202070269864e-04
3.759059830960032045e-04
3.370931171123303649e-04
1.161564072277299076e-04
3.859679915924063565e-04
1.219375917650700192e-04
4.043117855899447388e-04
3.769369571246516948e-04
4.002805560660016582e-04
3.944053079542320095e-04
1.198761093690325907e-04
4.257803994697079153e-04
1.188747048303656628e-04
3.661867012866304449e-04
4.460618099682428506e-04
4.571866902895738161e-04
1.779997149557038805e-04
4.264055497106566950e-04
5.692802030277110958e-04
1.779049528893850152e-04
1.110313394050987945e-04
4.032179472912567064e-04
1.983747233674088006e-04
4.185929761361777135e-04
3.904055105653086999e-04
1.757810718845675968e-04
2.329368005432597144e-04
6.660925158457378344e-04
1.914059279952383397e-04
1.146234503612841849e-04
4.124055021498783391e-04
4.464678956904010593e-04
5.290927668514763035e-04
4.610616577191298335e-04
4.872803475023767920e-04
3.879680394439902116e-04
4.800616084491417072e-04
4.592491549398306123e-04
4.706866249335503287e-04
4.878115869639968252e-04
4.859053443903625993e-04
5.622177224308844840e-04
1.116562568154177981e-04
1.231247951462982604e-04
4.692803788614030580e-04
4.113117366107621117e-04
4.402491787439686069e-04
4.247924477712491237e-04
4.208707962919918180e-04
2.154121115158363908e-04
4.159261996928113880e-04
1.761471525059598794e-04
1.799719019214647206e-04
4.014573361310396979e-04
1.554703229094721653e-04
1.762379746237056205e-04
4.695962816426710665e-04
3.946360992148397612e-04
1.410932900195865924e-04
1.660675856270821954e-04
3.311256894234356971e-04
1.760878554283055661e-04
1.964029893424265941e-04
3.986323339544000505e-04
4.495960703496640516e-04
4.503399244602302766e-04
4.186333620853975417e-04
4.164231929134256521e-04
4.071868820148035611e-04
1.723991363428434287e-04
3.828207406937327723e-04
4.624583245109526244e-04
4.850904229181726831e-04
3.990167008946875335e-04
4.283499905483966310e-04
4.190461401832854026e-04
3.099411597052750388e-04
3.362569152896991765e-04
4.224193474938657089e-04
2.629056838286645019e-04
3.723326270871530502e-04
5.091862944379909293e-04
4.192249248198916169e-04
4.911301657864700510e-04
5.035457718628073842e-04
2.327951434919175088e-04
5.648619735884292210e-04
3.870860445367951233e-04
2.340323820619092483e-04
5.146012916575843157e-04
4.520549871915097639e-04
4.833040512776839688e-04
5.217919649915446446e-04
4.438606023252614674e-04
5.728800658628224697e-04
1.399394550156245198e-04
3.980385925658610981e-04
3.708054708409192976e-04
5.152941046993764641e-04
1.608986466078675404e-04
4.704345284564774056e-04
3.961786276065140276e-04
3.983003752296969554e-04
4.893732431159479243e-04
5.016433339120334074e-04
3.218927361980485416e-04
3.861784367496813304e-04
4.270138591133913883e-04
4.027624588846105713e-04
1.841501741531465517e-04
3.838329478921625689e-04
4.282727112655654832e-04
3.883072721631467905e-04
3.347089976213950746e-04
3.532866461923871073e-04
4.203462774936046363e-04
3.755972083392764699e-04
4.104650589146712587e-04
3.665159607093078798e-04
5.493800344564996399e-04
5.301019666128694435e-04
5.329959887606551408e-04
5.243436454754889535e-04
4.337029881290007174e-04
6.375669078259535178e-04
4.764102377179086452e-04
3.875112031574109214e-04
4.594102789104393889e-04
4.015234959198749195e-04
4.673686620137529140e-04
4.415000260513168634e-04
4.055616750973845453e-04
4.123900188278170186e-04
5.070225979536010065e-04
5.661360719729356021e-04
4.367830075932632532e-04
4.712006089716191319e-04
4.416559393950991968e-04
1.432793229604844816e-04
5.075755801403191575e-04
5.012927852649612078e-04
4.476838596455345420e-04
5.667242960258650659e-04
4.159358285522285980e-04
2.162555310524908771e-04
3.620593079423925845e-04
5.172262014321042569e-04
3.949280581981408161e-04
1.934637998980575139e-04
4.326396755727337303e-04
4.147557331994388211e-04
1.698275663741738504e-04
4.507212818800705105e-04
4.291107419302027295e-04
1.835883481079159107e-04
1.323421402296791338e-04
3.943333357190707280e-04
2.598066210762052346e-04
1.793684455324724139e-04
4.359888212645180892e-04
3.613867294491076698e-04
3.633620068439545429e-04
2.739633451947498521e-04
3.771709259554801739e-04
1.477855883995440357e-04
3.263512306836301906e-04
3.224253566789401712e-04
1.888905765295926641e-04
1.939395809705591646e-04
1.860632998816581177e-04
2.022411735437632668e-04
3.514585980253378227e-04
4.960674835021183261e-04
4.413156913158994494e-04
5.433828774621199138e-04
3.196615402338736419e-04
2.581155653975855798e-04
4.611371934874091186e-04
5.208207441054609138e-04
4.831157011367083151e-04
2.559313406846641138e-04
4.624672726179663304e-04
5.039284186092901933e-04
4.137777958303103898e-04
2.422527767701662931e-04
3.899460544285975982e-04
9.692786876251604372e-05
1.592800698549468388e-04
4.122194726196018932e-04
5.232800332491598181e-04
5.888503065641329404e-04
1.364685513693952856e-04
1.396248033866398508e-04
1.369058072921147673e-04
1.174685242418330167e-04
2.610925429408217369e-04
1.913122718744109108e-04
1.427184239644746500e-04
1.629684023279898142e-04
1.757815375458271490e-04
1.549366769232340957e-04
1.912489419431118165e-04
2.222498746365375588e-04
1.448746684268309437e-04
1.649372181333763621e-04
1.669684325475428999e-04
1.327190469074812640e-04
1.250621788166650372e-04
2.930932503585059745e-04
1.225934756491492417e-04
2.770307308715136418e-04
1.387498258799413353e-04
1.354061452057270243e-04
2.117496788948958208e-04
1.150313696246518802e-04
1.728747635483876555e-04
1.076254929527342696e-04
1.224996449053494807e-04
1.306873668320551740e-04
1.068748470023361818e-04
1.622182220388512786e-04
1.414688219744664188e-04
2.254682924319323378e-04
4.992177412380116586e-04
4.275617866181247173e-04
3.966241838559980692e-04
4.279054446276742141e-04
4.475926713590205885e-04
4.307180386353692825e-04
4.103742440799687183e-04
3.899055504436076472e-04
4.193740646914190240e-04
4.891240677759589595e-04
4.874990991550086014e-04
4.514053929748974067e-04
5.027488505691957155e-04
5.452800217103925817e-04
4.691866063252607411e-04
4.673427623604065051e-04
2.106018974872749666e-04
1.186911409346968344e-04
1.193054544431060814e-04
1.651791711807862328e-04
2.721168888134288706e-04
2.089201679815085033e-04
2.389624625799358429e-04
1.612500713928932683e-04
1.737111194509179113e-04
1.945554567157007503e-04
1.923726547967442857e-04
2.920501741344530295e-04
1.536662330710245050e-04
1.856475603485147063e-04
1.771199879312991554e-04
1.550986943317182037e-04
1.099943301793747039e-04
1.543554798806977962e-04
1.427062686155337184e-04
1.447880865523562890e-04
1.346820851059736014e-04
2.044114405998997096e-04
2.422347798710904748e-04
1.207113502968166358e-04
1.379646951010270531e-04
1.065795750592284097e-04
1.228706047480578045e-04
1.369370956400290523e-04
1.353099752523321403e-04
1.733565002296562525e-04
1.435214422688562731e-04
2.119491481891251552e-04
3.475227894783970012e-04
4.426897007877026238e-04
4.109745232252683816e-04
4.549226793183975062e-04
4.063267018600312877e-04
3.872330653197328149e-04
4.248515608559073052e-04
4.290504829497238798e-04
3.950747822757469797e-04
4.521291574329936239e-04
4.805055937378479441e-04
4.124480653494282806e-04
3.457795408957449121e-04
5.210143089852967493e-04
3.449591970395389159e-04
3.815951775008544905e-04
2.634546308050165001e-04
6.044192101989087629e-04
2.353471304596451569e-04
2.439947983921791734e-04
3.138617728593003434e-04
2.752406556147596393e-04
2.573688558748935332e-04
2.547705318070457494e-04
2.472892297094065901e-04
2.216367194889045343e-04
2.401395102298164042e-04
1.923678718876633414e-04
1.175804420640268189e-04
1.385943627104962083e-04
1.239640604095410383e-04
2.425546890091110459e-04
1.333247534625384405e-04
1.420890352974543865e-04
1.236702351964731779e-04
1.623312823211607407e-04
1.209414030868170235e-04
1.236852400515985051e-04
1.358156027413137418e-04
1.697598042137132140e-04
2.142238411456483173e-04
3.049280548938142037e-04
2.307554339753828062e-04
2.316700601461404107e-04
2.281237681993308593e-04
2.831998179177445843e-04
2.402002446674738462e-04
3.339792866938615578e-04
3.474931793424331449e-04
3.517467915339743813e-04
3.715452688235267335e-04
3.668702633945215147e-04
3.370830465629320698e-04
3.051368076563499079e-04
2.991218107389961856e-04
3.531426734984634622e-04
3.116551189755356784e-04
2.986572977319778763e-04
3.347578122665680056e-04
3.051166068166050183e-04
3.129843872024381732e-04
4.569809570563647741e-04
3.061582960515738319e-04
3.614763123116447596e-04
2.450631821699343106e-04
2.242764601506365939e-04
2.858062354267284534e-04
2.263229713100234526e-04
3.018260990930101036e-04
2.657393697359567201e-04
2.749359034948618483e-04
2.309032184119464825e-04
2.423635653069748392e-04
2.235420127382381668e-04
2.368010481418371133e-04
1.908967239438470048e-04
1.243301170664075361e-04
2.799342488745682183e-04
1.350298066346788083e-04
1.281883235761610367e-04
1.231769180875669223e-04
1.516089536653566616e-04
1.473796095807170664e-04
1.686864491044783552e-04
9.097864695238583712e-05
1.312679804918977580e-04
1.472019223301454342e-04
1.228478723012196849e-04
2.421625962427590535e-04
2.505739617143026236e-04
2.269564689336635744e-04
2.558447683505635380e-04
2.234517712631587522e-04
2.773626445136802916e-04
2.152972351546152986e-04
2.441413393499256750e-04
2.760475420927150855e-04
3.260183737437798157e-04
3.578705493030827703e-04
3.061060874740458015e-04
3.247214585254403103e-04
3.087347639106809843e-04
2.966851037245069392e-04
3.400106148342728687e-04
3.763354713346061045e-04
3.241343275955472711e-04
3.469305328673731245e-04
3.064888046957524662e-04
3.369266779662738118e-04
4.514281618761533527e-04
3.289160958542267435e-04
3.682664298808781961e-04
4.935928297089943809e-04
3.650305662425629497e-04
4.903740772195692987e-04
1.595310073252906302e-04
4.729991496801866369e-04
4.124992164783632120e-04
4.789990785942013773e-04
4.177179404218217540e-04
4.060305412989517748e-04
3.929055585563581005e-04
4.562178965909899006e-04
4.265929638157120798e-04
4.313117276374695691e-04
4.730303635364909928e-04
5.123740688041389379e-04
4.136867400017073954e-04
4.085306766014873414e-04
4.465304252664102982e-04
4.761553944214740215e-04
4.728741487358256029e-04
4.490304223257594353e-04
4.730616210485384318e-04
5.142490465897685444e-04
4.822178601874551815e-04
4.689991194606335512e-04
4.843740900978971142e-04
4.654678646103058842e-04
4.408741689138594155e-04
5.149365445077970505e-04
5.330614777133459159e-04
4.969678406548279359e-04
4.333429711554648289e-04
4.588116443586098131e-04
5.534989429414882700e-04
4.254366832525009745e-04
4.122179570775937052e-04
5.406241076067602735e-04
4.487492575124332750e-04
4.029367460981446436e-04
4.062492856756264037e-04
3.919992944337834240e-04
4.424992102943815786e-04
4.668741616141534184e-04
5.101242264286126593e-04
1.345310163591191543e-03
4.904991072677590547e-04
5.681551654246330685e-04
5.278427828737160959e-04
5.169181843562404514e-04
3.797926538884867039e-04
4.770713898208942330e-04
4.913451331374637469e-04
4.981097353090773502e-04
4.332633167872595396e-04
3.608525570668922287e-04
5.115961604313604832e-04
3.177837013502214734e-04
4.524794099158267486e-04
5.749987744823484379e-04
4.311574116557712576e-04
4.273570169488033173e-04
5.785481915556955857e-04
3.803371570367286873e-04
3.363404144440456734e-04
3.653152888143889167e-04
5.334327382483584120e-04
4.216865248488498204e-04
3.854351633101867698e-04
5.345297173612573692e-04
5.181403129264966143e-04
3.428332341881600367e-04
4.616398815890604499e-04
5.394904112313174448e-04
3.577226718123489033e-04
3.848641012855812202e-04
5.547678089970767496e-04
4.468450040222257712e-04
3.184403706685528385e-04
2.737715645925691129e-04
4.773369451364145241e-04
5.269004806583869665e-04
6.859858072265878322e-04
4.016347585793480970e-04
5.097593844093942185e-04
4.448839520677658546e-04
4.532112264840713195e-04
4.832251248317257896e-04
5.247985266484911327e-04
3.688702753525683123e-04
4.183373471570433089e-04
4.693825848068968777e-04
4.494527040943516486e-04
6.137438890668647611e-04
6.689794192271903903e-04
5.229609349242890764e-04
4.927009735858978775e-04
8.009641576699255477e-04
4.003239461408183704e-04
5.913821278336032919e-04
3.928159413938956974e-04
6.033100471869171566e-04
5.335525056712575424e-04
4.229062126175758005e-04
5.516651190415445367e-04
2.419861838818477065e-04
5.374740235000493704e-04
6.138347003523223107e-04
5.409959932494230912e-04
2.719053599147612087e-04
5.817911981254009733e-04
5.790307290039611648e-04
3.817821958932172272e-04
4.907420425197162213e-04
5.589789820707569785e-04
6.219862563139851638e-04
4.313304306948077317e-04
5.721745469999563443e-04
5.642653497717971299e-04
4.421731864508216025e-04
5.056994992556914465e-04
4.813133832813125358e-04
3.793422827157734954e-04
3.796987461828057932e-04
4.727323709816787668e-04
3.786716568764275127e-04
5.933834832811697019e-04
3.973789900354464085e-04
5.321519789202621472e-04
7.083549892863932711e-04
7.246480300465657585e-04
4.620037128323073428e-04
4.751159052646673395e-04
4.054319223070239819e-04
4.012117529843395444e-04
4.174718745845857303e-04
5.020983717630060975e-04
4.999446730054484585e-04
4.485116188449699134e-04
5.228329921365286242e-04
5.238642169975865365e-04
7.472124742188301395e-04
3.743128173644568422e-04
5.365986237180927999e-04
4.295424086400852996e-04
4.885243579316514949e-04
4.525596082984812492e-04
6.303310906460265258e-04
4.449539916951180535e-04
6.020839899671934009e-04
3.501799995642457686e-04
3.735845223026981006e-04
4.491516110447780997e-04
2.133386319821066034e-04
4.823918432304809744e-04
5.825633599826883242e-04
5.520408120044890997e-04
4.841911819611818260e-04
5.104657240396607860e-04
5.086800027916635629e-04
5.085421298059324526e-04
4.185166927579737775e-04
4.942914697155155078e-04
5.441453227151497440e-04
4.579316870022556653e-04
5.273035287713468203e-04
5.667597004257305575e-04
5.063235312281619748e-04
5.326631106105031302e-04
4.037572476829091525e-04
4.429266883812287090e-04
4.080881800588079516e-04
5.381907128067343416e-04
3.490338409577369364e-04
4.538480448616686019e-04
5.054474972666782610e-04
5.631543460491242065e-04
5.338080524782134887e-04
5.677582219391235675e-04
4.989054060466620137e-04
4.898670273838963158e-04
5.276325412161006825e-04
3.688028432295097059e-04
4.008040721452150340e-04
4.528772233502694530e-04
4.834923611418005178e-04
4.154181960545844316e-04
5.178827448667314452e-04
3.989953556249636922e-04
7.058386437868444455e-04
2.906976170720759929e-03
5.199521943142067183e-04
3.332287727470734442e-04
3.099366837777672856e-04
2.668117945306414107e-04
1.203436332736229630e-04
1.441556874420824030e-04
1.548733469919350014e-04
2.716863365956334597e-04
1.525618044995180611e-04
3.449991139770069992e-04
1.428127203695339631e-04
2.933433104548854864e-04
1.424681310374653620e-04
1.720618354045244658e-04
2.087177584339516834e-04
1.439060930069624433e-04
1.319684009570831762e-04
1.501561984326715837e-04
1.422502015679949494e-04
1.464998262226679948e-04
1.390306196194512900e-04
1.596556881275357220e-04
1.344680705983591906e-04
1.805312823932592181e-04
1.330943698826803079e-04
1.325309197586221899e-04
1.849996514246068924e-04
2.486258597000912118e-04
1.810919385497600231e-04
1.721884952671226543e-04
2.898741340712218673e-04
2.351868757494157691e-04
1.662485202402752549e-04
1.835636685154629077e-04
1.868437864277483484e-04
2.071857328900250650e-04
1.371558673884942792e-04
1.363446854743544101e-04
3.017503588348402488e-04
1.537799743545065212e-04
1.632179967631097739e-04
3.194361734726314239e-04
1.832184188902801760e-04
2.023745207563321102e-04
2.356562622990443501e-04
2.601574951316409923e-04
2.248417452072049016e-04
1.549366769232340957e-04
2.560615386926201609e-04
2.913437610063684957e-04
1.993836270967400126e-04
1.933586573052009649e-04
1.521717402788794193e-04
1.418979354125549097e-04
2.145097349549318633e-04
2.136774288288394164e-04
2.835578720368110706e-04
4.532473318705140808e-04
1.407643014754086930e-04
1.304909309233943937e-04
1.414183415681322109e-04
1.336195231161629859e-04
2.190320072300092069e-04
1.552126809391610185e-04
1.324829982176718886e-04
1.839386353165838733e-04
1.252157893357318946e-04
1.740592032868446687e-04
1.531656485799001016e-04
1.577132464672652973e-04
1.427151177695283601e-04
1.188290947864590469e-04
1.730178529624117750e-04
1.488099085831043333e-04
2.303663449388787532e-04
1.465526263035241139e-04
1.844557028533866383e-04
1.598246845489724455e-04
2.651625768125588645e-04
2.308108065721022062e-04
1.663528974165662255e-04
1.517005283371460067e-04
1.979419234822143991e-04
4.630549866466333875e-04
1.711119645752753882e-04
1.296965900462188070e-04
2.102439289121404986e-04
1.783223125829194733e-04
1.863935842133963849e-04
1.830018202661452820e-04
2.126491851652360932e-04
2.417250242382606301e-04
2.322497480202849462e-04
2.632367090587110769e-04
3.107637635944397736e-04
2.231008063043986300e-04
4.664599690133545973e-04
2.920500887253242583e-04
4.043087578589709243e-04
1.994199332286152038e-04
1.294820351444223028e-04
1.866645318295070965e-04
2.674744727532291089e-04
3.519793026604926822e-04
1.116882370678119740e-04
3.608619242973960806e-04
1.529486322608018464e-04
1.127654973713462794e-04
5.143633941485752092e-04
4.717067057185171663e-04
1.461852818093675732e-04
1.294751479008222211e-04
1.670199823847248050e-04
1.572464454876009018e-04
1.638941469066443335e-04
1.723134278672072695e-04
2.208400515942646474e-04
1.720372239576162254e-04
1.995307596998115857e-04
2.003521080214034494e-04
1.661547665009477370e-04
1.531999823524516843e-04
1.661589638125380436e-04
2.337526581507598511e-04
1.890722931129906748e-04
1.297136409715259064e-04
2.682087592285435640e-04
2.309395616831994014e-04
2.027978772583018119e-04
5.099066761891290697e-04
2.112644167035424014e-04
2.992013082021120762e-04
1.468122971940606647e-04
2.161060015361533464e-04
1.996828969121032527e-04
1.855705059034297444e-04
1.994609205055106194e-04
1.926422469978113401e-04
1.133397566999939585e-04
2.230308462653728119e-04
2.110003517880494617e-04
2.374960177012781781e-04
2.715602318921032932e-04
1.421641344195767771e-04
2.445526220788904470e-04
2.951597228260278982e-04
2.275185969133688979e-04
1.916668813281736938e-04
1.398434706452456044e-04
1.422472040724011982e-04
3.216167365831697211e-04
2.084250024245414001e-04
2.099191145101403366e-04
3.875987600385211174e-04
6.068371928605910404e-04
1.808500036744771500e-04
5.332867864940686597e-04
5.081758454293788807e-04
1.464771646471248190e-04
1.610808123839839456e-04
1.380121716515365915e-04
1.201709306429179364e-04
1.557940033695224408e-04
7.190023969890213529e-04
1.713172107949498951e-04
1.878777150043287785e-04
2.204883085299997464e-04
2.101850666031551684e-04
1.222431859418116051e-04
1.777314872556468375e-04
9.965322939587930228e-05
2.809783067353188724e-04
2.054648614889277580e-04
1.730940212882111501e-04
2.552139170812935121e-04
2.328969344878237258e-04
1.803381142908809520e-04
1.815602856526203623e-04
1.891997325606346869e-04
1.808522224936090494e-04
1.499733546509093840e-04
1.621924863181432755e-04
2.049390922195942766e-04
2.382567709996105676e-04
1.574971980421464163e-04
2.222886249222261190e-04
1.168797876891919385e-04
2.320749955714018764e-04
2.963254605861005697e-04
3.034976816128250043e-04
2.755288824487214447e-04
2.006313294159092070e-04
3.563500746570705258e-04
3.913821991672200573e-04
1.167808589767893590e-04
2.404991393983868520e-04
2.558119442575002012e-04
2.088434869740307676e-04
1.653749397173553959e-04
2.015624075196731368e-04
1.235685237605255171e-03
2.498742975369505626e-04
1.650308160465463470e-04
2.219993488788984948e-04
1.899693048018624708e-04
1.211240815446323893e-04
2.165306230467178850e-04
3.283428763840856579e-04
1.860000082254398279e-04
1.176246371790978795e-04
3.181556050088629739e-04
1.971870543249210073e-04
1.737810567747910540e-04
2.415310447495544466e-04
2.021249263212121505e-04
2.256259187682907452e-04
3.084679881651397615e-04
1.892810574602443729e-04
1.776996719438771882e-03
2.939682278652044900e-04
2.073431263957536963e-04
2.452493499070784733e-04
2.753744901866014838e-03
2.355621987246148130e-04
3.234054700490540668e-04
2.226866648979974883e-04
1.603756004348033670e-04
1.823119710497866919e-04
1.956559601035134932e-04
1.661879842765334736e-04
2.566245231554187267e-04
3.233433042709038530e-04
2.675624404810394985e-04
1.365309499781752756e-04
2.750623807273866461e-04
3.088433111403388054e-04
3.972807662319666200e-04
2.846242690310307744e-04
2.590929934923047462e-04
3.614681557435883708e-04
3.701243328974035407e-04
1.706248047575464888e-04
2.198531415746251758e-04
1.899657921258790516e-04
2.195458919153183211e-04
1.780472989490380215e-04
2.131337917963358614e-04
1.613118857671774070e-04
6.794210758968672811e-04
2.887341925820359478e-04
1.569505378458905392e-04
1.811556578193056558e-04
2.724648231833652623e-04
1.782081188130540256e-04
2.376150761549296331e-04
3.387447521802210842e-04
2.237265269236024534e-04
1.381267765662823332e-04
2.469255714351850303e-04
1.925073912698990405e-04
2.438061248295764205e-04
2.538565231414297019e-04
2.537490821412254072e-04
2.365588673746699122e-04
2.524444651127964734e-04
2.223606111555961884e-04
1.631023362084375178e-03
2.477653413162396456e-04
2.038801762438615522e-04
2.715849437401269065e-04
1.791767325534029953e-03
1.757556590459789098e-04
2.604500203547636256e-04
2.072339226972929466e-04
1.992864688056955602e-04
2.056123148303171805e-04
4.683695663356881450e-04
1.543428393354570605e-04
2.219608884389814504e-04
3.354691918423472613e-04
3.073988530826951560e-04
1.713868864398632869e-04
1.965501814592696822e-04
3.231359076048111872e-04
1.915948578418823905e-04
2.400607681601728965e-04
1.928389384522610772e-04
2.410612965742259944e-04
2.208518623143780960e-04
2.022342263320337646e-04
2.005629321815624588e-04
1.786382071867673692e-04
2.269546020792212460e-04
1.492993808064647931e-04
1.692865669862160527e-04
2.053141725966191322e-04
6.714653868426911226e-04
2.655943452012955730e-04
1.367334049561311216e-04
1.989842505595151162e-04
2.311157824415321915e-04
2.131524773062148242e-04
2.108389667703006176e-04
3.139740504899584186e-04
1.632119890514240057e-04
2.037129529696719149e-04
2.468550239815119063e-04
1.406739977181997378e-04
2.387590509520115534e-04
2.327686918312289743e-04
2.140849428533438126e-04
2.244688582082807193e-04
2.212134848538754167e-04
2.260324714862503581e-04
9.354425486082387862e-04
2.717498782324554579e-04
2.139867046825000632e-04
2.314362755070531637e-04
1.780097173822739638e-03
1.678897131383687291e-04
2.693059898127153629e-04
2.111393132853689458e-04
1.892782180623383409e-04
1.694320077624163201e-04
3.487528952536636528e-04
1.796405491810669497e-04
1.988443859065099767e-04
3.270143111921094449e-04
2.627308169378594557e-04
1.907539594705222330e-04
2.393818667535850195e-04
3.382174260123157333e-04
2.428866096627711052e-04
1.905564123351102118e-04
2.421484670579385212e-04
2.579627145878110508e-04
2.230134618811854125e-04
1.944119748968752698e-04
1.391265115389846152e-04
2.289936645892311218e-04
3.107166545756184783e-04
1.674571392692456376e-04
1.828813561969653417e-04
2.764738615632323857e-04
6.752988307217981656e-04
2.252039369891930404e-04
1.580076861260690940e-04
2.797779210516708470e-04
2.163993056628829570e-04
1.577062547338439064e-04
1.906250330869514037e-04
2.922850532194563866e-04
2.523016406713943227e-04
1.865357231105712471e-04
2.337035588275467729e-04
1.643368358469560545e-04
2.034099842138353126e-04
1.607119850426351471e-04
1.186282496335911048e-03
3.214277667010104027e-04
1.994245362333599281e-04
1.856933880038662450e-04
9.285126695413186988e-04
2.124900444076018025e-04
2.063498050550900687e-04
2.430361623415285346e-04
1.808068050517482907e-03
1.890903248798515845e-04
2.484324998815890667e-04
2.075421132194995438e-04
2.106056427667573477e-04
1.951972374238768182e-04
2.191008124291897452e-04
1.804675204191714261e-04
1.966594006040708192e-04
5.390927246753714902e-04
2.573111359124415423e-04
2.240198880654430125e-04
2.616505754936410133e-04
3.025232102399008638e-04
2.140982221495325161e-04
1.826727840201318454e-04
2.518044907159934509e-04
2.401919210860354106e-04
1.129144845328767383e-03
2.159198299374279900e-04
5.371551640537264305e-04
1.754993468225385378e-04
2.931868482716759594e-04
3.962805258464485725e-04
3.879118013881549532e-03
5.424986270070875083e-04
3.612809599172484010e-04
3.957180070449095588e-04
3.640618889592939222e-04
3.918115747385264580e-04
1.993435316179070771e-04
4.054680224974127611e-04
9.061544593480519438e-04
5.087181622553949012e-04
3.076246756240907931e-04
3.720307500940100986e-04
5.502178937066837250e-04
3.897184273768394824e-04
2.050306525808176517e-04
2.130496188670616409e-03
4.218430006895645956e-04
4.596239613220698406e-04
5.018114744537172101e-04
5.182176519502590395e-04
3.716554271188110548e-04
3.004993598610533612e-04
4.502492688447656821e-04
2.801869828887582070e-04
4.090931954030263551e-04
3.278744211569761813e-04
3.458116928749255248e-04
3.036558447089277024e-04
3.499368695579832544e-04
4.077804963123488058e-04
3.827805402707717963e-04
4.087798053753477490e-04
4.175305117648520081e-04
2.523120342307061392e-04
3.487807490658301202e-04
3.429990988672304564e-04
3.458116928749255248e-04
3.711243404522918121e-04
8.868734056503499441e-04
3.093744560145154920e-04
2.755620352588861177e-04
1.774371670503361448e-04
7.251236388386081422e-04
4.861866765507039112e-04
3.594599218261591497e-04
4.985674991240314491e-03
1.103297258362625176e-03
2.584019041405197312e-04
2.403189144075257820e-03
5.204279297008115174e-04
3.333480366595276481e-04
3.904985281055423432e-04
2.774013145508472111e-04
3.972610848884724349e-04
2.165243813686207677e-04
3.528050536389659708e-04
4.690522370997835672e-04
6.587565492980141171e-04
3.821374134608491666e-04
6.537746580021191328e-04
5.021569206025075505e-04
2.580163294623300484e-04
1.204757786258573750e-03
4.266037315082907982e-04
2.787554663525490225e-04
3.389288292118923518e-04
5.160817005512912878e-04
7.753734750677691856e-04
3.917019889706913061e-04
4.066576348238579164e-04
6.309677747768915879e-04
3.753560898476972912e-04
2.489645385414362283e-04
3.914241754632173317e-04
1.513773073598092406e-03
2.927127971591356702e-04
5.334883755692132468e-04
2.488397802804210527e-04
2.287249467523201239e-04
2.995305984038673652e-04
2.614911433002032812e-04
3.982205541320431134e-04
3.548201879747941989e-04
2.913127459221143915e-04
2.587501218823985705e-04
3.026170882313003376e-04
7.511491325975687763e-04
4.232121165726292211e-04
4.602459080407100833e-04
2.406664403585066607e-04
7.931050414921874021e-04
3.723131075467466661e-04
1.375867092248794776e-03
9.140776824992022376e-04
5.473939175749016617e-04
8.013846320251540381e-04
2.368764022418885090e-03
5.991824018461364143e-04
3.923496147498354084e-04
3.378243470325672029e-04
2.902114581790314618e-04
4.407377800814205396e-04
3.265707672523302310e-04
4.648701192443392693e-04
5.259499258181629666e-04
6.942101994664015216e-04
1.498937236708214327e-03
3.154777045426800444e-04
4.822683146843090990e-04
4.872040092031093908e-04
5.058593623845503151e-04
5.713415191486055644e-04
3.452608687583872890e-04
4.510510916490321695e-04
5.364201638673425643e-04
7.310610973638694346e-04
3.144769482953365183e-04
1.037458565442947889e-03
5.980349425398264612e-04
2.778809111211146335e-04
5.031253233869752844e-04
3.409873500023032425e-04
2.681188826302942883e-04
1.723828772688604238e-04
4.576747350908518322e-04
4.419345395131569695e-04
3.641686326034008700e-04
3.251280605353623621e-04
2.608243369337630031e-04
4.406097822945162848e-04
5.604005788863979792e-04
4.075908944937865416e-04
3.270343991373884235e-04
4.855582955292214037e-04
7.579357658848266417e-04
4.612799977974817774e-04
4.134477919175158847e-04
9.814355546180000833e-04
4.138921372490063366e-04
3.408159659879866042e-04
7.046409187752584319e-04
3.543705100268971370e-04
4.275145149585787493e-04
3.711768291080044455e-04
2.386013079959391735e-03
6.219666939128593031e-04
2.815683236292330568e-04
4.322169309041862251e-04
4.262099983312469739e-04
4.929176047122584003e-04
6.169097702775176717e-04
3.184598056090986312e-04
5.868812414209501060e-04
4.860828154633787743e-04
4.640431209751525593e-04
4.112403258523557315e-04
4.790526815432512991e-04
3.521465377465810009e-04
4.864093357756548233e-04
5.437809045612581466e-04
1.820059635816442204e-03
4.612973545826868325e-04
5.700236600768683951e-04
5.347574138059108320e-04
1.038241204593394820e-03
2.648009161115641441e-04
5.624657393249309772e-04
3.199410457953226310e-04
4.487538097487538125e-04
1.365427136264902794e-03
3.502571851043533718e-04
3.758005932768425025e-04
2.279872629373843468e-04
3.662028277039313696e-04
6.060476680565919996e-04
4.062710242196988786e-04
3.493564643667426434e-04
9.515345179083667740e-04
3.950269184881541676e-04
3.502119069293007682e-04
3.377457384146249908e-04
4.043540689952287992e-04
7.756853676537731187e-04
4.364064093876750955e-04
4.561987429070090208e-04
3.473087297675746601e-04
4.214927012147068330e-04
4.167742456237756229e-04
5.461861985214810922e-04
2.001561105158256026e-04
2.217497544437785351e-04
2.517495154291671255e-04
1.792809819113616587e-04
4.129688940662790131e-04
2.151871903129098929e-04
1.793121812157516537e-04
1.833122114353047394e-04
1.764995872080565853e-04
1.836870687492442311e-04
2.244682848770440664e-04
1.913122718744109108e-04
1.757810718845675968e-04
1.726248198673230316e-04
1.981868290491795026e-04
1.960936816874925270e-04
1.680622708462309323e-04
7.768421902154543091e-04
1.879371590651768287e-04
1.889997980594748661e-04
1.684995267689504139e-04
1.894682532865843427e-04
2.220617474876784847e-04
2.269681873489498569e-04
3.172494281977744635e-04
2.829376439489328376e-04
2.079680438060726999e-04
2.425936837438524840e-04
2.166558859255374170e-04
1.686871882565499359e-04
2.495311051886606180e-04
1.339684160668597190e-04
1.577809358965787112e-04
1.588747741952667436e-04
1.534372476674761288e-04
1.327497805506117068e-04
1.504372250028113145e-04
1.610310186576230373e-04
2.753119751625066058e-04
2.376250781044308980e-04
2.318769555165189900e-04
1.819990466833676379e-04
1.586559134032772267e-04
2.013118817620340728e-04
2.019367991723530764e-04
2.051247161552471887e-04
1.349685400370628785e-04
5.400524620716874030e-04
2.202918308254102689e-04
2.834584049745316608e-04
2.500200631402847706e-04
1.743153992085381618e-04
3.441859572048226734e-04
2.068332068728756176e-04
1.799274169606004600e-04
2.653801373874581371e-04
1.786992651454308301e-04
1.777377187119058219e-04
2.078153414399840082e-04
2.042476652065975534e-04
2.616464908493740943e-04
1.602262767251274797e-04
2.077249459133982332e-04
1.881461260318821258e-04
1.679682218095213814e-04
6.907584742494934926e-04
2.493143837126281237e-04
1.952634058445005746e-04
1.706043533693211989e-04
2.594040770202386825e-04
1.705826226620320296e-04
2.291582206466035582e-04
2.274136161378689010e-04
2.167048266967334935e-04
1.867362859137300379e-04
2.074651805277945293e-04
2.017647493759958284e-04
2.386368087383093639e-04
2.168110120016226994e-04
1.472368657782123849e-04
1.680388823848046748e-04
1.337145393653653598e-04
2.016212264426984948e-04
2.375421377009828694e-04
2.605720045240188937e-04
2.402203523181704881e-04
2.839115029204791057e-04
2.306799907395538918e-04
2.386964642616118404e-04
1.578092517357035374e-04
1.639256197018606684e-04
2.361137015708374837e-04
2.400499657275595444e-04
1.535347039816996328e-04
1.590646962979710977e-04
4.790282827104534041e-04
2.790442222181371140e-04
2.527822839573021230e-04
2.716704859406417899e-04
2.016281970510375166e-04
3.697515994531093073e-04
2.425643420871613498e-04
2.912526304164608781e-04
1.590016816534079586e-04
1.330433988283577160e-04
2.342641577417602788e-04
2.207789647478402423e-04
1.723719648947553973e-04
2.906829608751385768e-04
1.514151958314034069e-03
2.361705594920507356e-04
2.557618400145095228e-04
1.717095347220053136e-04
6.824711248912956885e-04
3.984235798289628011e-04
3.970537334256132866e-04
3.286347042510458921e-04
3.305512769518730021e-04
2.688158961019256749e-04
2.000640095332472529e-04
1.228885799541908248e-04
2.007943817281462873e-04
2.463839083521324191e-04
2.743496273372777322e-04
2.821720395959955580e-04
1.057357259854965759e-04
2.439629059339375877e-04
1.252970747109075078e-04
2.565538593999969891e-04
9.971843937772381650e-05
1.219699133130910463e-04
1.408577390194509782e-04
2.262973605086232576e-04
9.785018914086271447e-05
2.533419006669791751e-04
2.935233855255476448e-04
3.187164256233387949e-04
1.199649357307777664e-04
5.977026616570367545e-04
1.264852191822010002e-04
3.119115681715495247e-04
2.224475921358149560e-04
2.394601414583714255e-04
5.796130464728998372e-04
2.739926246118195435e-04
2.014643669709277607e-04
2.429985164681264243e-04
1.341302426677692256e-04
4.016724607296892624e-04
3.252416800654037154e-04
4.119854883574899929e-04
1.561028330969866859e-03
6.353274962910340773e-04
3.668003737725775842e-04
3.916638374572289916e-04
2.255597306422542315e-04
1.795389664266192065e-04
1.816349059386695303e-04
2.235365325866656150e-04
3.501671471147094900e-04
2.989650793809028873e-04
8.639336462118382687e-04
3.349986954288650814e-04
3.994232623295724399e-04
2.893516812187517384e-04
3.266892905362337590e-04
3.592101533927138934e-04
2.807356586032351553e-04
1.838306309798103458e-04
2.809378800690803119e-04
1.805690532001944654e-04
2.274411081539199492e-04
2.565263494957049223e-04
2.671076970472367057e-04
1.864343334351953319e-04
1.209467368390153980e-04
1.833625482817492769e-04
3.054271347311902224e-04
2.072037105947943658e-04
2.544763087375251365e-04
2.592469079405676502e-04
3.119400693664779733e-04
2.715566592480945368e-04
3.003650470260171151e-04
2.815831312029497269e-04
1.139697909750825300e-04
2.245983193072936118e-04
1.414073083493005978e-04
3.406563307207788327e-04
2.308675209333494599e-04
3.788600127387856814e-04
2.726558433380210644e-04
3.160619919859164462e-04
3.223120974116255866e-04
1.700930195991379179e-04
3.604059824105498855e-04
2.701245087310955029e-04
3.304676887114221806e-04
3.134375251270804519e-04
3.865621753595949173e-04
3.436244819388090121e-04
3.549363252558501713e-04
3.258110761159005442e-04
2.366555713620432932e-04
2.743433997426381055e-04
4.326859231182367260e-04
3.113737144247452626e-04
4.362803623807198772e-04
3.818426984940337388e-04
2.953745248690520242e-04
3.514056815859256666e-04
3.200312885623390891e-04
3.541875419504902922e-04
5.056240760163005499e-04
9.943730536476902415e-05
3.569682381619060374e-04
1.593744287267662152e-04
3.121867589839233403e-04
3.159057626333366953e-04
3.257805753033998775e-04
1.456867816634899171e-04
3.200620222054695319e-04
1.521559807118183505e-04
2.870932050291763460e-04
3.253742858544406147e-04
2.207178490926109404e-04
2.455925422553684179e-04
2.135615668558132896e-04
8.318421982807071291e-04
2.923114051037178918e-04
2.684993509352584518e-04
3.119054995831538335e-04
1.481557176616354887e-04
2.803429794107081818e-04
3.228429512475150531e-04
3.324365045168087285e-04
3.316560562457993022e-04
2.509374021925081522e-04
4.835929433349983597e-04
3.820217427496705453e-04
2.229000758631818901e-04
1.743696771960511448e-04
1.385383661490179052e-04
3.380700926070394352e-04
1.517006337355963907e-04
1.731969258391505978e-04
3.085182605003910367e-04
4.147631427786745845e-04
2.461550746860208944e-04
3.475662468043275166e-04
2.993734111519635172e-04
2.649666392750514576e-04
2.553602146742155188e-04
4.958050729617843877e-04
3.351206114525252799e-04
4.009936808493192936e-04
3.116229458712217390e-04
3.168366497023900052e-04
2.653845913806393564e-04
3.825843942078677867e-04
3.644777126521787924e-04
4.393090236671365334e-04
2.226944443940257617e-04
2.410209768965330610e-04
2.539186409905658595e-04
1.842250728705460694e-04
2.097029416058548978e-04
3.524744375519636014e-04
2.589730068962860753e-04
1.636060938488403255e-04
1.667303519846119464e-04
1.747437753117902365e-04
1.749701316599832496e-04
2.934873859350125083e-04
2.759632458199726135e-04
1.719059365578937126e-04
4.279111961121174340e-04
2.033445708459046680e-04
1.865511067413814367e-04
3.789880873030036096e-04
2.509616747288848093e-04
1.858484479788057031e-04
1.786182132823468244e-04
3.118929562588960980e-04
2.722894056339450475e-04
2.958798641023406562e-04
5.006112155208257766e-04
3.702010075446356130e-04
3.568487256317212641e-04
3.752672739349531550e-04
1.675744936298385890e-04
2.531253895336083720e-04
3.015598783929814702e-04
4.198756173036857081e-04
3.588619895993974684e-04
4.548919393150170631e-04
2.811311244944499077e-04
3.692972712528580503e-04
3.681105201309067126e-04
3.865742680146354304e-04
3.843119493246102691e-04
5.426511635523035421e-04
3.663465489408060383e-04
5.164324048107429149e-04
4.116800218400776951e-04
3.578417398631440760e-04
3.323255790074457899e-04
3.139424336805040489e-04
3.929716886735285658e-04
3.524030553153176953e-04
3.068769622038888117e-04
2.079840157601237083e-04
2.473895145182524249e-04
3.173407877567913787e-04
1.783419364570527910e-04
3.582505822715721655e-04
2.222396200941404755e-04
2.463285986977759023e-04
2.380781785490172255e-04
1.682072505042250810e-04
1.299154690103821591e-04
2.914403268853699158e-04
2.902600177894908845e-04
2.919642934776835869e-04
4.139162162519575971e-04
1.581268099993971693e-04
3.532918877209457326e-04
2.069997727696532008e-04
1.510143589804977676e-04
1.991367939192731362e-04
2.736792968237779927e-04
3.647109875909316373e-04
3.234280634790750314e-04
2.402157347757352679e-04
4.755544635704493824e-04
2.843379895747320113e-04
3.091310752610029744e-04
1.616995667107507667e-04
3.200793756969674830e-04
2.930550629550842529e-04
2.128474859904253697e-04
3.229147330442473651e-04
3.568048180908646450e-04
4.149318366338163727e-04
2.096897756584080452e-04
2.823657010721045829e-04
2.755432375360182540e-04
2.662334623270250222e-04
1.923514842457531987e-04
4.534405372258049072e-04
2.772525959736319573e-04
4.906121585207760122e-04
3.431420514222790347e-04
3.577185681440976650e-04
2.376898845226540352e-04
3.418820156670838994e-04
4.204306028417533619e-04
3.717581370006467489e-04
2.332304042833004826e-04
2.373596750374286531e-04
9.943808676710422234e-05
2.090018863080342348e-04
2.188212244115615018e-04
1.771407446115947151e-04
2.766596672203504303e-04
2.798262312494045542e-04
1.261507344722991725e-04
5.378385075847628592e-04
1.478062064036236856e-04
1.546804996279578515e-04
2.419972021087124503e-04
2.138280759250779650e-04
3.406401220745619574e-04
2.831834058783008062e-04
3.235128601672843801e-04
3.084667233837160710e-04
2.639152006833848235e-04
3.424916684741236006e-04
2.787424921212623696e-04
2.789423711973774284e-04
2.295948473587487715e-04
3.095216982751461399e-04
4.918547119893619014e-04
4.419991483092799989e-04
3.251563563849702021e-04
2.829369745608722314e-04
3.448743167594470194e-04
3.117493866458889706e-04
9.131445936474413827e-02
8.863806196224288669e-04
2.159057056363988814e-04
2.534683293458316056e-04
2.816557367090431752e-04
2.573432131018800473e-04
2.959057279508861549e-04
2.843744417652810386e-04
3.514368808903156616e-04
3.545306178834653488e-04
4.160930154566144790e-04
5.631238119304868284e-04
4.449680880848697062e-04
3.166245107874554598e-04
3.454368355609860330e-04
3.784680513460592088e-04
3.715306299012510749e-04
4.147181505877867158e-04
3.481243995204913455e-04
4.078428949211287957e-04
6.245614122860759787e-04
2.849995920062298183e-04
2.618743881956098196e-04
2.587807676177750205e-04
2.666869973130814309e-04
2.866869155802170832e-04
2.864368554838375713e-04
3.362495717406516205e-04
3.189055524673717334e-04
3.157493004501271683e-04
2.968120211772895534e-04
3.058118563406542201e-04
4.072803761195897820e-04
3.601868887879305925e-04
3.864057131763853903e-04
3.291563866045232878e-04
3.934371981956230613e-04
3.123432211671328673e-04
3.194056726601307572e-04
2.754684373457161328e-04
4.087178724278273112e-04
3.352181320507435780e-04
3.219367744364265427e-04
4.016059833825171010e-04
7.317794236061617164e-03
1.224146999324186337e-02
3.080101170919292519e-04
7.077173632580815998e-02
2.440719614567560258e-02
8.037069837738269884e-02
2.357691167817772132e-04
2.887801810608584549e-04
2.901664485542329412e-04
2.689062887891286412e-04
3.164224619569982761e-04
2.644770880028068059e-04
3.580427261908954335e-04
3.601308135183312140e-04
3.651923725275900163e-04
4.955410325786194399e-04
5.186258849230299672e-01
3.197015161172460894e-04
3.803042393287128092e-04
3.484328474057224977e-04
3.398738991871458337e-04
4.098076867317750581e-04
3.675929146985941302e-04
4.302121842217222075e-04
4.549557792021905606e-04
2.648268291384620055e-04
3.566360351922072403e-04
2.888348044895144677e-04
2.506230395006719958e-04
2.938084647115431214e-04
2.807382249646571404e-04
3.347898845154529020e-04
3.514374521771806981e-04
3.348009109197772233e-04
3.330061795097259345e-04
3.115641051416261596e-04
3.932773405468008646e-04
3.259100348123591603e-04
3.348762392380985262e-04
2.875501584231796547e-04
2.996847127456903070e-04
3.040238958724639402e-04
3.035615510296866583e-04
2.931145501588205450e-04
3.995825471014668832e-04
2.820742450526702097e-04
3.410977030890733480e-04
4.565003114217469887e-04
4.438801828039722758e-04
3.090452495324168985e-04
3.384914656191801569e-04
3.715391834455279143e-04
2.418199884878877853e-02
7.172834109481045217e-04
2.056673328217044220e-04
4.270850579533425452e-04
3.171438860165053716e-04
2.746367870069758420e-04
3.316195470401401939e-04
2.998924383276261024e-04
3.756205087793805086e-04
6.300416912876725256e-04
3.512788430684108797e-04
4.977299648713340123e-04
4.329773149672894172e-04
2.913178157238965546e-04
3.170773918033738432e-04
4.115641664544484289e-04
5.357945509181128059e-04
3.975804551424769011e-04
3.711793098331896135e-04
4.000392749337108173e-04
4.680056695520397499e-04
2.337527908074218952e-03
3.459857103513284959e-03
1.019597363557767609e-02
2.954208956444468598e-04
3.242965669313386395e-04
3.463790586419809858e-04
9.045743103247294581e-04
3.418328220758542514e-04
3.136034422783241793e-04
3.717575236906935782e-04
3.881192950662450819e-02
1.174856269804281511e-03
3.139677427106851194e-04
3.353802646251886552e-04
2.743921374401261590e-04
2.709889634290849926e-04
3.090011412318961238e-04
3.142932471999642687e-04
2.973078497904464712e-04
3.721939620939650889e-04
2.580880546982590104e-04
3.100755705421343045e-04
4.644622517715711607e-04
3.182845418414279037e-04
2.918924891503281286e-04
3.124786859317103967e-04
3.389304891523104357e-04
2.415188880831383583e-02
6.994422271817280629e-04
2.394877258684600984e-04
2.913073661716575379e-04
2.919251545920296693e-04
2.724376948941818494e-04
2.861080686505533197e-04
3.302760532024899467e-04
3.643156163084541790e-04
3.639647279424533186e-04
3.444140952184391712e-04
4.710669353041019823e-04
4.348496655218977471e-04
3.074737039278582253e-04
3.374497682067769191e-04
3.214940507419179055e-04
3.144465980845123805e-04
3.765881021082894548e-04
3.428020669121777456e-04
5.116555050973079118e-04
4.046424103087212232e-04
2.542566074837685972e-04
2.779674621029345344e-04
2.989249082604953506e-04
1.982843416579852802e-01
2.142262775512326217e-02
3.579593508689377090e-02
1.094639543527184539e-01
3.375193623042049666e-04
8.685043309030304748e-02
2.773535483817585537e-04
4.296009951413522557e-03
8.989463392455650931e-04
1.788409221172656063e-03
3.281392890542617242e-04
2.598989509142632902e-04
2.835789674004605618e-04
2.914123433695224932e-04
3.066025764176041890e-04
2.736591139289971941e-04
3.879742388398989446e-04
9.674231258625714744e-04
2.914706468850410299e-04
2.666860659905623265e-04
2.374350883105336152e-04
2.349056163486462623e-04
1.908726876453936683e-04
1.270323916058302416e-04
2.984069109912557138e-04
2.597495758682732969e-04
2.148747316077503910e-04
1.800320935230192987e-04
2.986527801362992562e-04
2.251565322186621643e-04
2.025626479051911843e-04
2.517811803948166727e-04
1.791268480344498926e-04
2.682171602119698406e-04
4.949383142627272747e-04
5.033723709957360626e-04
2.638436696622559197e-04
2.395920312647792372e-04
2.848096022123325355e-04
2.851262518688280068e-04
2.777501775175217347e-04
2.193748820200625005e-04
1.502185970414515737e-04
1.406874423809378882e-04
2.634078107233150945e-04
2.745911315327198565e-04
1.437514934687911250e-04
1.257806941401540257e-04
1.082792813611455074e-04
1.397803342473302735e-04
1.236256138309466124e-04
1.259073540027522142e-04
2.168435474131369389e-04
2.585612083338961753e-04
1.304075044150643237e-04
2.164058258291579051e-04
2.684369523264784618e-04
1.341886738426278924e-04
3.244988426864825470e-04
2.204067873712300951e-04
4.988116846196821719e-04
1.719072358663531475e-04
2.635344705859132830e-04
1.303143721631538909e-04
1.120604507887090762e-04
1.751258864923777026e-04
2.340637007913759504e-04
2.006168471235802997e-04
2.247782608126094872e-04
2.116574438927529278e-04
2.147273046159692278e-04
1.720892081091621173e-04
1.796904317238057214e-04
1.401461068508830232e-04
3.839192001693150780e-04
1.985494056263997775e-04
2.714289926485924376e-04
3.037316334640119408e-04
2.715584146774085994e-04
2.299178963366677042e-04
2.778795341266959706e-04
4.118772877615070604e-04
2.549857621448048395e-04
3.870441224970572192e-04
2.867974715135487851e-04
2.648296103855210526e-04
2.527112853800139725e-04
2.241077885563810823e-04
2.781839866383278848e-04
2.425255463711084580e-04
1.708450847942091788e-04
1.458710018007909615e-04
2.123138654452003116e-04
2.387539354927817326e-04
1.270157023061865842e-04
1.355763389444750167e-04
1.787220707352710214e-04
1.928283486337251107e-04
1.967672904563642911e-04
1.689898103787376704e-04
2.682418379871195913e-04
2.063586567077821399e-04
1.198095411612254413e-04
2.405782263981415259e-04
2.160871517954618404e-04
2.883262287968688109e-04
2.436427445100877720e-04
3.152454292991990759e-04
1.687272769207957823e-04
1.981053655869813301e-04
2.691805165913399578e-04
1.283923496355199312e-04
9.839707171883232961e-05
1.631967262653924444e-04
1.943729302224458944e-04
3.286982549739816961e-04
2.541236318915479631e-04
2.821268627306861010e-04
1.582695340398149186e-04
1.926773235568293718e-04
2.755197100577089220e-04
3.154966810340956163e-04
3.099370871993273324e-04
2.381388483051749549e-04
2.617843256735793989e-04
1.761482696385902047e-04
1.523316106482666688e-04
2.059923244022571209e-04
1.569977345452569506e-04
1.765005512404035914e-04
2.759957912260649349e-04
3.208844354149267830e-04
2.530334957134977580e-04
2.623829416273926185e-04
2.995178252018990128e-04
1.956863512016307483e-04
2.468316836762157740e-04
1.927390216294108671e-04
2.087176521268566121e-04
1.586133292489980140e-04
2.325442403782879142e-04
2.733502028811722606e-04
2.551580976981604465e-04
7.712321941148042592e-05
1.303668642261904265e-04
1.023898249022138496e-04
3.216382487704755322e-04
2.889837643018748625e-04
2.575103821435761886e-04
1.893899931195777708e-04
2.870801792344279679e-04
1.306702118713254368e-04
1.578797523959646343e-04
1.077053922474320580e-04
2.674085760061839512e-04
1.441247639000081682e-04
1.777257437215163348e-04
2.232145766633691908e-04
4.362388749155274303e-04
1.129836539926626360e-04
1.207592647961622245e-04
1.717504247779472193e-04
1.137271601066372484e-04
2.307977444330200356e-04
3.289156338273507840e-04
2.347183959899301620e-04
3.371686232905360403e-04
7.618721393015254195e-04
2.945462747661192759e-04
1.742511260292537063e-04
2.608932471905925365e-04
1.278221312954533340e-04
2.643007354964088673e-04
2.545550968055393382e-04
1.946706808463594118e-04
2.347236986223397159e-04
2.241468550373132418e-04
3.641709177508514750e-04
1.619257663241710499e-04
4.550171099701877386e-04
2.167418251874525525e-04
2.582528270042225294e-04
8.942245940417661854e-04
2.450050085853680559e-04
2.875142936471578037e-04
2.471545300347863239e-04
2.280485057976275320e-04
2.065756066984905659e-04
2.832912539345450176e-04
2.379663183099123280e-04
1.236594903468758722e-04
9.442229805732560433e-05
1.390827109866710209e-04
1.277331422930572113e-04
1.203236420949799212e-04
1.153796878812160531e-04
2.376312857098120124e-04
2.237311490091362098e-04
2.466075411499263348e-04
1.555314676401770013e-04
1.685820710195448657e-04
9.351260584439941015e-05
1.194876361199151416e-04
1.287266898768180123e-04
2.086356739385494818e-04
1.604719727804626572e-04
1.938280565753972007e-04
1.387383015587530244e-04
2.359984819833363390e-04
1.600941629469887495e-04
2.980406622775585990e-04
2.054683741647966855e-04
1.453123900108099775e-04
2.344697574097054371e-04
4.007182776499806920e-04
2.888403660750160640e-04
2.959687086362405850e-04
2.009048938211854818e-04
1.589655781408794155e-04
2.409377923048849901e-04
1.791268480344498926e-04
2.640001318454654466e-04
2.562515284865174436e-04
2.459678652305674618e-04
1.796558392253011505e-04
2.750931143705170889e-04
4.152497029155655106e-04
1.750290289503908525e-04
4.014670609553405711e-04
1.429989848733548286e-04
3.984048725125255430e-04
2.064667519052765243e-04
1.297192570734462258e-04
1.553445961866017910e-04
2.154670527299007432e-04
1.646242937669573081e-04
1.459978433848707624e-04
1.863725372330815588e-04
1.820959042253544879e-04
1.429063182827039480e-04
1.566558982935006838e-04
1.309998255372146758e-04
1.705326038281551604e-04
2.804994415939177088e-04
1.773424340878460015e-04
1.691244441792694175e-04
1.780614150725945422e-04
2.665305351298719039e-04
1.903436964545424104e-04
1.574059567103564461e-04
1.348405996060009215e-04
1.755310117881880849e-04
2.229995892644165423e-04
2.365941040757824076e-04
3.354027667401560109e-04
1.772185681928051260e-04
2.625621698759683653e-04
1.688450474235381193e-04
2.341866353638977216e-04
3.838325808147996510e-04
1.653971224567299392e-04
2.106579176725659197e-04
3.292589929051598086e-04
3.888151944535095383e-04
2.086044287495578131e-04
1.248407116845335479e-04
1.271856618514557308e-04
2.201314102944149087e-04
1.826122539623446089e-04
1.882819864523696540e-04
2.855151903248601131e-04
4.940716019026514250e-04
1.297821935777807023e-04
1.972145869443917704e-04
3.131283742069876364e-04
2.789413108526296592e-04
2.741370786405739057e-04
1.329877893336550709e-04
2.612127117126248482e-04
2.658977146529455104e-04
1.513902761848939099e-04
1.487721159696142603e-04
2.095230325831927420e-04
1.997216144879118693e-04
1.459614663815930746e-04
2.964153836368995515e-04
1.825967576642509305e-04
2.792717131897756722e-04
1.543288676804019377e-04
1.805549497970598827e-04
1.595308990874066968e-04
2.339580588336317990e-04
1.697056693886131451e-04
2.329593221932976799e-04
1.819410848041755346e-04
2.029613702451346646e-04
1.544453438720233204e-04
1.891989155771476943e-04
1.363344918086095703e-04
1.698448753013545587e-04
1.918012616273065320e-04
2.384331462212813113e-04
3.108457399655182446e-04
2.121492048979857492e-04
1.533861584942508571e-04
1.785466322878365847e-04
1.795069157571223262e-04
2.731576135616871348e-04
3.173095816378437850e-04
2.768907985273016958e-04
3.497759498609018247e-04
2.943337814943179642e-04
2.941815198028926992e-04
1.817314954414474965e-04
1.965023859876249834e-04
1.609315063922228672e-04
2.524684609782282957e-04
2.030848036430575598e-04
2.838913082138013605e-04
1.539335030989238268e-04
2.571181327222938490e-04
2.191014093842688637e-04
2.470613141910132926e-04
1.983720054957935353e-04
3.003960441652804569e-04
2.408164632415402129e-04
2.615287898550776313e-04
2.275007209726828683e-04
1.418603763112119553e-04
1.368142278501552692e-04
1.990899252269986985e-04
1.525691133369769248e-04
2.845273251713426738e-04
3.709143251798621699e-04
3.160669884176500744e-04
2.347518586351795070e-04
2.802202683556079960e-04
1.724686261775770779e-04
2.246100694173417539e-04
1.831287763347407005e-04
2.197438165770573826e-04
1.621615621940119059e-04
2.351725324740081002e-04
1.682459371874084342e-04
1.882212633155071202e-04
2.035605371219345041e-04
4.046504657942021424e-04
2.593037104367448137e-04
2.659729382542760923e-04
2.358259392673499322e-04
2.889111938340765962e-04
1.618079035978197550e-04
1.614058848304865401e-04
1.461395279783580733e-04
2.204792179136341734e-04
1.912361741927964820e-04
1.537532903742311330e-04
2.839307054278931292e-04
3.803780193801092890e-04
3.262060722570916949e-04
2.326998230295987402e-04
3.087691705989693836e-04
1.068606752265724262e-04
2.333693103556064297e-04
1.979659307051948036e-04
1.992554916558156308e-04
2.301925719687333838e-04
1.822698007662160169e-04
1.832249251629905484e-04
2.134437223015317464e-04
2.162674703729342007e-04
2.083816164243565416e-04
2.810026537775137112e-04
1.190624905700113367e-04
2.309309081069306491e-04
2.105568369237115212e-04
1.389481144389356077e-04
1.830846143838354978e-04
1.370133850377153184e-04
1.554902713835279449e-04
1.521031595058362773e-04
1.613182205775567923e-04
1.464661541434181258e-04
3.631973849693576062e-04
2.510630762161628754e-04
1.934468153863217257e-04
1.691465051652935037e-04
1.667777485776632956e-04
1.576912418147988215e-04
1.818337055892460530e-04
1.742670962796288858e-04
1.659795724688745144e-04
7.455632813738767573e-04
3.183195586595553156e-04
2.466337894528672359e-04
1.913061224199496396e-04
1.550962588097223177e-04
1.655690709435955754e-04
2.764189187591387098e-04
1.549735336711984685e-04
1.602910654255121359e-04
1.306547582776568239e-04
2.468356024997154195e-04
1.336876223273497644e-04
1.556873228736321835e-04
1.435615036748938422e-04
1.452490600795108833e-04
1.222188511658395260e-04
1.299362552203975341e-04
2.381558155250054765e-04
1.688746169135196817e-04
1.418422823046272541e-04
1.139060991909440768e-04
1.206863599606533555e-04
2.339687058944273090e-04
1.065302576702675807e-04
3.187805224191819775e-04
2.073435920570132485e-04
5.171997238874581626e-01
5.185562957193656786e-01
1.303122766874859062e-04
1.138171485771444225e-02
1.866249256357588315e-04
5.185404408848004465e-01
4.066586252058357331e-03
1.098653236111801768e-03
2.154781913472292310e-01
9.581236528978520628e-05
1.097498396188112402e-04
1.265937386993321034e-04
1.003118172102079875e-04
1.351870515831077313e-04
1.057810087036481494e-04
1.259688212890130998e-04
9.225028948484093050e-05
8.756247758492929911e-05
1.000622227750880278e-04
1.223124490790095109e-04
1.120311141293572899e-04
1.205308290999629328e-04
1.035313991587516469e-04
1.732185379732520403e-04
1.624370828308407955e-04
1.623122856132808156e-04
1.501873977370615787e-04
1.800618958436306372e-04
1.702499474436069971e-04
2.975617358051685368e-04
1.781559443082836314e-04
1.776870234199146026e-04
1.641558385398478315e-04
1.947515332701571511e-04
1.042770723012091325e-04
1.756930210191701147e-04
1.917815930043142991e-04
1.057675783443680210e-04
1.502300400422554305e-04
1.691796075478507744e-04
9.503724713659511547e-05
1.437314186983063014e-04
2.331975167864808879e-04
1.085311265302114740e-04
1.816824878876147076e-04
1.344414175107801895e-04
1.779733483065638194e-04
2.458522640278407861e-04
2.103460080206585592e-01
5.223190285213730882e-02
2.579965118277272561e-04
1.855971116634665685e-01
5.634550456569560606e-02
5.185404663258057489e-01
3.775761729251758680e-03
1.080794081000896467e-03
8.138502572108144428e-02
2.561877562905936871e-04
9.532576131260177277e-05
1.162979155514085733e-04
1.049408358552504465e-04
9.715862719968104688e-05
1.893181767957316519e-04
1.322619197423255399e-04
1.589647549426094486e-04
1.569606106668064438e-04
2.642823779938109630e-04
1.188210372566021744e-04
9.498007324711512170e-05
7.792310143047223581e-05
1.783693423258151008e-04
1.259410060926412223e-04
1.455031639328377424e-04
1.554310774328172481e-04
1.485612404731485175e-04
1.588281367436439329e-04
2.181832239642128926e-04
1.568330544630897397e-04
1.907888390889345143e-04
1.559801697437589868e-04
2.058525978574522047e-04
1.418595867313191677e-04
9.924838409309903742e-05
7.271246369478651106e-05
9.307561773373978359e-05
9.892445830904025850e-05
2.067518903779118344e-04
1.173750477413242066e-04
9.612695626920811365e-05
2.660228780392587949e-04
1.071196821522315407e-04
1.088252969989859811e-04
3.267652523810224592e-04
1.348980513021461741e-04
1.795587218216057601e-04
1.557269663202973456e-04
2.097306562175733080e-01
5.222841072206083762e-02
2.192688370949995476e-04
4.222281134546590486e-04
1.357139756922622065e-04
5.185399334893883161e-01
3.745073578273836606e-03
1.017742403429049147e-03
8.134683145950419303e-02
1.337604608912029355e-04
7.692912316671456086e-05
1.481597348418142723e-04
1.090174575844558846e-04
1.079893238623685220e-04
1.003299098537805550e-04
1.163112298289969981e-04
9.469237999780704546e-05
1.384552412983033887e-04
1.188225609911244124e-04
1.071861872118540920e-04
1.507996514326509496e-04
1.079698892057501247e-04
1.427966195068199138e-04
1.318585294322223433e-04
1.672792457648262371e-04
1.512189023924080319e-04
1.969255630396536672e-04
1.873193101656267165e-04
1.964523662451572034e-04
1.594776292565729461e-04
1.608909938625698380e-04
1.682096810288555983e-04
1.819419911400204509e-04
1.717415717623462304e-04
1.084678927977221485e-04
1.083556025601294798e-04
1.013567342727219808e-04
1.703328455967823007e-04
1.416670532912020150e-04
1.187740236415534348e-04
1.836589641614379265e-04
1.102531090447951556e-04
1.512610949369434798e-04
1.270544762157280183e-04
1.911298989358180961e-04
1.153185903981623212e-04
2.944479382385287343e-04
1.567198456234718956e-04
2.097292592301601144e-01
5.223924632838323340e-02
1.520435264706116070e-04
4.217245850760553694e-04
3.696439958121838093e-04
5.185403590665270679e-01
3.745122250551100734e-03
1.017919734505982887e-03
8.134660289751180495e-02
3.226061624970271401e-04
1.264894687386932878e-04
1.355097516558372017e-04
1.154945994509756768e-04
2.263749219566461163e-04
1.261662525769841059e-04
1.229806941115889167e-04
2.148425918947643488e-04
1.163582552559582969e-04
1.027707762455056656e-04
1.142244354498042624e-04
1.192723497891257436e-04
1.080105153112367877e-04
9.342127990391146247e-05
1.367348378298856651e-04
3.099695435620809791e-04
1.670016098900967139e-04
1.408619149787532915e-04
1.718523337224065958e-04
1.935425253572330834e-04
1.575852568578579166e-04
2.008174857954991496e-04
1.726103707391677886e-04
2.388935443727851354e-04
2.277805334162386064e-04
2.130623779855733702e-04
2.226559312548670455e-04
2.813120204918362344e-04
2.539683913309331853e-04
2.009370244480945811e-04
2.213124985210590534e-04
2.163117622547283680e-04
1.933118213229279014e-04
1.826556290593361886e-04
1.709060641583159956e-04
1.997500538974961160e-04
1.432495106309938926e-04
1.814057942386981814e-04
2.398434883449374055e-04
1.889057344850453291e-04
1.924992424250093759e-04
2.118744761124558007e-04
1.830621513389252275e-04
1.416243528351568415e-04
1.895930505041443226e-04
2.350308792274657943e-04
3.515612124466160893e-04
2.169059460219169289e-04
1.130308888536157852e-04
1.136874712295843359e-04
1.243748627975660437e-04
1.316564079131832266e-04
1.209685506839419666e-04
1.148432424757928061e-04
9.021860940941484053e-05
1.395624047778598609e-04
1.030620126091230659e-04
1.006871401854070314e-04
1.262812799941726016e-04
1.478432589564759869e-04
1.184679497201468479e-04
1.234994196296079760e-04
1.118751176074073150e-04
1.300000508129561805e-04
1.295620963983473706e-04
1.289686111230481380e-04
1.462497661262884829e-04
1.123123735301267967e-04
1.432183113266038976e-04
1.233122238032680063e-04
1.185624789558359371e-04
1.467182213533979596e-04
2.074581724393906659e-04
1.883271433283442708e-04
1.963616713324279478e-04
2.471292866514903167e-04
2.157478364747320021e-04
2.109368923801950221e-04
1.900801712517458802e-04
1.771162008559132306e-04
1.658359384583826465e-04
1.582518457264089212e-04
1.870427796117259817e-04
1.741625042177381497e-04
1.556262344766298072e-04
1.643228787296712248e-04
1.815110736620925702e-04
1.974356188536169343e-04
2.229716041584712746e-04
1.991037796717593997e-04
2.110805213934030533e-04
1.767916994691483279e-04
1.896868265043576834e-04
2.175124286980037458e-04
3.260620807096180351e-04
2.593044695781750869e-04
1.337849514365446399e-04
8.791338673531587378e-05
1.322107775291036114e-04
1.452510826394741439e-04
8.861976579064168719e-05
1.091570269400495008e-04
8.345410457238910951e-05
1.465268718285998861e-04
1.058159133087476292e-04
9.931131332858132710e-05
1.220946926992387896e-04
1.338211094654654515e-04
1.472313592770328750e-04
1.027545925859456311e-04
1.182418814004611296e-04
1.516090297612252003e-04
1.064080885994304199e-04
1.401992344846510197e-04
9.495188574887812594e-05
1.666328466055945479e-04
1.193429631168264546e-04
1.104740737168556988e-04
1.202641346747896842e-04
1.102882539763191949e-04
1.529275698341665823e-04
1.506116841986787636e-04
1.662812037547065774e-04
1.994332870306463751e-04
2.262611311540296474e-04
1.859703989838855723e-04
1.722752958887973501e-04
1.709486905628696679e-04
2.306906378002522573e-04
1.668583456827452127e-04
1.820440122974921471e-04
1.592343337418001062e-04
1.616051360589631364e-04
1.754016697167381719e-04
1.796699780640615210e-04
1.832888970253795241e-04
1.999671356363152269e-04
1.867137470001715982e-04
1.696992550751577622e-04
1.618586643095361668e-04
1.590516936726378908e-04
1.524426701771811402e-04
2.627049166314468498e-04
1.538812231957507534e-04
1.214387286305653596e-04
1.295984218381675615e-04
2.150481552183960976e-04
1.937868117083182268e-04
1.528587991621371475e-04
1.427617847509030785e-04
1.309760368342479872e-04
1.975237387731604982e-04
1.832850654282297195e-04
5.213692614383230728e-04
1.719383511245469245e-04
2.041360736880666604e-04
1.708199754304690413e-04
1.329441121246614094e-04
1.790448957414850564e-04
2.133813718490033123e-04
1.483040223681933792e-04
1.865409035352923878e-04
2.005505437748097627e-04
1.381890774997743265e-04
1.604759692898517082e-04
2.099382138906766629e-04
1.621665945157396357e-04
1.828840179621408005e-04
1.636096446863272158e-04
1.359165010872799909e-04
1.506505289794891206e-04
2.422258376984223402e-04
1.848748883933942419e-04
1.735748219903188172e-04
1.577820416716890772e-04
1.667235678678886945e-04
1.862522303529325074e-04
1.563187022993045572e-04
1.902952735894974587e-04
1.729884667839550264e-04
1.436442868892710834e-04
1.583171096284250942e-04
1.619219320012372371e-04
1.629775133880437959e-04
2.054739284814473960e-04
1.556291261194647085e-04
1.641949436366682558e-04
1.368984489356003809e-04
1.530718671280441312e-04
1.537703562915606129e-04
2.651331461123581854e-04
1.512115013313393430e-04
1.086051524734985702e-04
1.023340918367967797e-04
1.584217212254115936e-04
1.851867901222622667e-04
1.528666213626989068e-04
1.544065681453720557e-04
1.264115420305435972e-04
1.711300676678160354e-04
1.611398459654949517e-04
1.456685649950280326e-04
1.743284545330323759e-04
1.871664587879684483e-04
1.491835824359716289e-04
1.549332682828103575e-04
2.028999661070505708e-04
2.082307167351861790e-04
1.516437730885202007e-04
1.991220517652712504e-04
1.497083258875349723e-04
1.491292945105830367e-04
1.726286646392726290e-04
1.411575753514828641e-04
1.737982558030542676e-04
2.233467822107988721e-04
2.484693975168816849e-04
1.838114003055446588e-04
1.693759012594275859e-04
4.678424168919059767e-04
1.541245636865751223e-04
1.916885261721290590e-04
1.497184768486925499e-04
1.600626760683843131e-04
1.477496610433060020e-04
1.355595805907494622e-04
2.061873551495452261e-04
1.313118185811146255e-04
3.939997169971620750e-04
1.450925978963013563e-04
1.498423427437334254e-04
1.401873221881788645e-04
3.319047193584001576e-04
2.068113412373451254e-04
1.896247154697938697e-04
2.657174905706938262e-04
1.089367950596331625e-04
1.361593522930526490e-04
1.166247460395244961e-04
3.740302995425270893e-04
1.056501504391338386e-01
5.123112045340993959e-04
4.227179781962631111e-04
5.951225402878179693e-04
1.374371267892637860e-04
1.908130830041709913e-04
4.806238871440937643e-04
1.810621362291486847e-04
1.448122698180509538e-04
1.499075353200707283e-04
1.378431834075932727e-04
1.835301409047751520e-04
1.386236316786026990e-04
1.463126303963280250e-04
3.334358135798076717e-04
1.385621643923418134e-04
2.970322789530577268e-04
1.479387195146841805e-04
1.552197989690418112e-04
3.268103851788994874e-04
1.769997074008156090e-04
1.376569189037724072e-04
3.080628628693293791e-04
1.618116997592622397e-04
1.975497213085042336e-04
1.442631102701319445e-04
2.675054553547551173e-04
2.182685326526934144e-04
8.366096888540695831e-04
2.309044858056392979e-04
1.978866910594956341e-04
1.485721351294037873e-04
1.471438498280124019e-04
1.406877240492238057e-04
1.579154915569182249e-04
2.869997929262277370e-04
2.463522442950408231e-04
1.195497376139907642e-04
2.192329230270885498e-04
9.664636165266152212e-05
1.755417088223389099e-04
1.423654475052500701e-04
1.703662450938479150e-04
1.529025904012451531e-04
1.095463760867852743e-04
1.315892972667716265e-04
1.320832580104271126e-04
1.681410130295254990e-04
5.556641888004498764e-01
1.839196737718193364e-03
5.701348281843612864e-04
3.715050944007106115e-04
1.958646412848230622e-04
1.429643196863075727e-04
2.316056362800002211e-04
1.698750337959901990e-04
1.517982331554618147e-04
1.754678063360815693e-04
1.978331577324951573e-04
1.806458541438772658e-04
3.858455095063599571e-04
1.500957315231296607e-04
1.743691256145922519e-04
1.801701963864178746e-04
1.819050003724828612e-04
2.713147520853305752e-04
3.276747778644117925e-04
2.209409358173396176e-04
3.570071558584506088e-04
2.216450701581634819e-04
2.556160485158998075e-04
3.482321296850374170e-04
7.695639746369023482e-02
3.214966096072927049e-04
4.194587273600274002e-04
2.081035825795517213e-04
1.337445974589450415e-04
1.225390375763808770e-04
3.783096256624110532e-04
1.825437277057223584e-04
2.779351645194397258e-04
1.642476069722287324e-04
2.002286882525801393e-04
2.017319681862153602e-04
1.552549911483791512e-04
1.673132953703936054e-04
1.599204735687129175e-04
1.410544652281318923e-04
1.923476917188061963e-04
4.867320236567108660e-01
5.186017326553823414e-01
1.564007631708573542e-04
1.383832523390478297e-04
1.649597200211949059e-04
5.398897450356043848e-04
1.804210083554622090e-04
5.458259008296187931e-01
4.398888531647893868e-02
5.732620856329223580e-04
3.561956586575765193e-04
1.470211169662949402e-04
1.791884915905463116e-04
2.059095466394010587e-04
1.563013851521508069e-04
1.653826319870585482e-04
1.343293276211106682e-04
1.493738938769043068e-04
1.374236412391956555e-04
1.469194692465007265e-04
3.514000073331739749e-04
2.012796416479764594e-04
5.438544258867181180e-04
1.587732405056475893e-04
1.588681404531069874e-04
1.371927118475457959e-03
2.269127411763452451e-04
1.706834453663597095e-04
1.995067415734609606e-04
1.476825008777825007e-04
1.346546762842279477e-04
8.560984318757366984e-02
4.732922854874428709e-04
1.551246223506809463e-04
2.076395041139406095e-04
1.274967390191630856e-04
1.309985007877205454e-04
1.659905684349323451e-04
1.512281170337071573e-04
4.340020272148997771e-04
1.239148035565018624e-04
1.350579966315802738e-04
1.409776588328186253e-04
1.693996304486800053e-04
2.322564626284773226e-04
1.931550038742520237e-04
1.061101576169710958e-04
1.708640183538598367e-04
1.393032463418986122e-04
1.255125114161745326e-04
2.709200089912149056e-04
5.246766325733565051e-04
4.044801882364321144e-04
3.789353580934476384e-04
4.665185124012836970e-04
1.341490515410738993e-01
5.944630222015426235e-04
2.818327974180648288e-04
3.360720578069707754e-04
1.692324412471517270e-04
1.478785442680340123e-04
2.153107268377911498e-04
1.488875181873024200e-04
1.590723690325524659e-04
1.769299372607058274e-04
2.519692784682669995e-04
1.228879218953381897e-04
2.713849542682333915e-04
2.174837267008636332e-04
1.737029383505304947e-04
1.485089324031081681e-04
1.561940949807334722e-04
1.400931259570858955e-04
1.388241899387262709e-04
2.247795183252347673e-04
1.726823051819564858e-04
1.344738929541199057e-04
1.460644942759860287e-04
2.496878799327709175e-04
1.432802442741243354e-04
1.102182948459207168e-04
7.962481575460311767e-05
9.506195217001689457e-05
9.253108322435088517e-05
1.043747116998006152e-04
9.465601196700229591e-05
1.141875914223433597e-04
1.225937084797790178e-04
1.234682203252179811e-04
1.277495099455405736e-04
1.249997802078850473e-04
2.407189315128954732e-04
1.302496452480761402e-04
1.251874416954845692e-04
1.698435415793328462e-04
2.279998598694876755e-04
2.461243274137769887e-04
2.018124676160526487e-04
2.022497235387721304e-04
1.793438461814012008e-04
2.254997245669521089e-04
1.831562149133547646e-04
1.643435000274473534e-04
1.294375320114171668e-04
9.481235773489693486e-05
1.012179940212964979e-04
1.954682986159139713e-04
1.450311306100404707e-04
2.458430680130074819e-04
2.084355677106630722e-04
2.037491527945300973e-04
2.269060215707996431e-04
1.333121829368358324e-04
1.355935738626967701e-04
1.655622519590102537e-04
1.381873070784023216e-04
2.056555699911366553e-04
2.275928719286390844e-04
1.427186567951044260e-04
2.972502084225281394e-04
1.485627056024840797e-04
2.784989608228816138e-04
2.302494694143841780e-04
1.983746069520939126e-04
2.875011242925440413e-04
1.614997067153622901e-04
2.995934158805946268e-04
1.199659179353176897e-04
1.022725436845041413e-04
9.265159136100098447e-05
1.110968204642648685e-04
9.965029064741386111e-05
1.122411696076732954e-04
2.377551016314143062e-04
9.688743335104985088e-05
1.247433934785831255e-04
2.293544525728934136e-04
1.401044076800687932e-04
1.072138411304275618e-04
1.659180120503929434e-04
1.589372741137573541e-04
1.760353992552839489e-04
1.185435108690951079e-04
1.476709352150017140e-04
1.392826232269241821e-04
1.203400774388184089e-04
2.225663907277734832e-04
1.441680872063940896e-04
1.393020996794730113e-04
1.421759115607086708e-04
1.242132489243387948e-04
1.627227730552280316e-04
1.026730691556579367e-04
1.212031103934967102e-04
1.080309966835042365e-04
1.054655543201018716e-04
2.517198334990146738e-04
1.487881442572914006e-04
2.333851528330543879e-04
1.616109779498161453e-04
1.153381749749759003e-04
1.960275132668436171e-04
1.617049820104793714e-04
1.890325688002590654e-04
2.142873587611393571e-04
1.250786059830387431e-04
1.516865630424163447e-04
3.068128608649557665e-04
1.479841144457864910e-04
2.215726487018870872e-04
2.396196983581455608e-04
1.451633914689820330e-04
2.653883366600280624e-04
1.508763969512612324e-04
2.636470343142967299e-04
2.756683673038849702e-04
2.726379274185751489e-04
8.750227689729604338e-05
2.914113118730418152e-04
1.435121024668910283e-04
1.535599112478637854e-04
1.320218159379729639e-04
1.309658563433853395e-04
2.012985536281714470e-04
1.280696611475630985e-04
1.180893573486017055e-04
1.252390998840989013e-04
1.492374119689814788e-04
1.242156686592477653e-04
2.375321466547451396e-04
1.118557742658416593e-04
1.084382999110909511e-04
1.365142486395897262e-04
1.358516074427542838e-04
1.193795472825957306e-04
1.408611469783998746e-04
2.180372616473842326e-04
1.121126184789201369e-04
1.768135841854244841e-04
1.420923128712635319e-04
2.029067447720765693e-04
1.138077808355217324e-04
2.462493190733272552e-04
1.123590532320067198e-04
1.102231777017261688e-04
1.526217971160766240e-04
1.177721136900724760e-04
1.264958258099151481e-04
1.437793350147747312e-04
1.660260699950025232e-04
1.485591773666232723e-04
1.336919236744893436e-04
1.210343297663131132e-04
1.928655760935100993e-04
1.243408250038800095e-04
2.043353026556053720e-04
2.235185875917866660e-04
2.044400814363890595e-04
1.984369836407276488e-04
1.908278151635418862e-04
2.269984737301201927e-04
1.376707451816259337e-04
1.516430689178505098e-04
1.755466843561259704e-04
1.228258558368423847e-04
9.999819775917753728e-05
1.132971644108096698e-04
1.027405605085410928e-04
1.190198428132000288e-04
1.081501977884670278e-04
1.605296402708289438e-04
1.227348842531214568e-04
1.159102573230295224e-04
1.389894751535267203e-04
1.109745664386401452e-04
4.672349024921959582e-04
1.219971423441637906e-04
1.365829293594783729e-04
1.109408189449764132e-04
1.120991002189417052e-04
1.143922331909822017e-04
1.305445632886282140e-04
1.391051174706695211e-04
1.372391380706893677e-04
1.448512552058600113e-04
1.107915842788222138e-04
1.096686209127173406e-04
1.368107110854450970e-04
1.623504493929034398e-04
1.285702131559353367e-04
1.103820722267931376e-04
1.149085940584104737e-04
2.558747344760595177e-04
1.460165007279015312e-04
1.085071114704594733e-04
1.344185923858867357e-04
1.945424036627549369e-04
1.470191448341420445e-04
2.560446815846583726e-04
1.339501716858884639e-04
1.177369746642661918e-04
1.109175985758966212e-04
1.181121699801567643e-04
3.689817446350454611e-04
2.112214559315444065e-04
1.691234974104081912e-04
1.626660475635534689e-04
1.405308180113199606e-04
2.030627362967010741e-04
1.182872767859013963e-04
1.495167982757191101e-04
3.394363245703968524e-04
3.236867294498235736e-04
9.968689979988898386e-05
2.432493347973019304e-04
3.461241515800850266e-04
3.532180352081026875e-04
3.454992341697660230e-04
2.859057688173183287e-04
3.104368039705263094e-04
2.670623202882804748e-04
3.378111667745598012e-04
2.701557080354854978e-04
3.072498183101513014e-04
2.599367716946132667e-04
3.121243603751433504e-04
3.459369557537450568e-04
2.631554223206378218e-04
2.529676852841555856e-04
3.604059824105498855e-04
3.678430583868574910e-04
2.786558886673506930e-04
2.890620208345628939e-04
1.343749383464487579e-04
3.098118865602073058e-04
3.679366563000274759e-04
2.668434594962909578e-04
2.417806391846744063e-04
8.948733496741412274e-04
2.355933980290048080e-04
2.301246721968241982e-04
2.791555431988501645e-04
2.529993502498051328e-04
2.090930814091507273e-04
2.252496644705725970e-04
2.391245073601888649e-04
2.725306968745164204e-04
1.046247717961801271e-04
2.076560507621727503e-04
2.105934419874277985e-04
2.652178360391943546e-04
2.240934275631045747e-04
2.689682718236274805e-04
2.615926631335807606e-04
2.734679565746800378e-04
2.655931590143933985e-04
2.661242456809126411e-04
2.747811213266171393e-04
2.776244489774426505e-04
2.183737502907661526e-04
3.788315060922371746e-04
2.671533627433154284e-04
3.009417364675717049e-04
2.766205319123431552e-04
3.149901022331839592e-04
2.520385888530284058e-04
3.310878750033491649e-04
3.116094098934360512e-04
1.718091062740574604e-04
2.250186828567281999e-04
2.656114297450058725e-04
1.859497404332333126e-04
2.563667035523908844e-04
1.241300235589222478e-04
2.938694540703529201e-04
1.980507710066213567e-04
2.594979152600838945e-04
1.765874649837829991e-04
1.839715368968514175e-04
1.969871225495876954e-04
2.395885531159200332e-04
2.913177048737836117e-04
2.293946711679623052e-04
3.817674062928551326e-04
1.386764108615087809e-04
1.755185338836381947e-04
4.235070686859424005e-04
1.898348127440420419e-04
1.693928395173453783e-04
2.845152461454381748e-04
3.050880933554954433e-04
1.642961011628779611e-04
3.100688411690546986e-04
3.675062290157335432e-04
2.340834811730627130e-04
1.799866863257219840e-04
2.187190165352688453e-04
1.385929098473570598e-04
2.295483103082231191e-04
1.651449330391831227e-04
2.033254601078154228e-04
3.129534618431708409e-04
2.335928073164683649e-04
2.665650485795126659e-04
3.190064630795358055e-04
1.301587150060179443e-04
3.359909425684889581e-04
1.384978704286592838e-04
3.096811270613068073e-04
7.108942340837073881e-05
1.837850761338064021e-04
2.458036871538574197e-04
2.125719826172010885e-04
2.544921248654255508e-04
3.035992802678418034e-04
2.554091822493630148e-04
1.653766533507433634e-04
2.284992222837158027e-04
2.259593649399996296e-04
1.936243113750454187e-04
2.575900179420942404e-04
1.665876306701265241e-04
1.897144386270033234e-04
2.116182393034227865e-04
2.722319089617092347e-04
2.279068357418714830e-04
1.753715157650770351e-04
1.970938584705435315e-04
2.034936433256903654e-04
1.582740734419607609e-04
3.370412846982785704e-04
3.496813456649594531e-04
3.992877053839334611e-04
3.345763615644073777e-04
4.740456027433970557e-04
2.688748042956158948e-04
1.766132203672825252e-04
3.032614936789249788e-04
1.413273545381177332e-04
2.635128997934667663e-04
3.211156759818402373e-04
2.933186821987452883e-04
2.259012513234071040e-04
2.835005080212924661e-04
2.917180531665404530e-04
2.052672448449588405e-04
2.740559218332681846e-04
2.891365566201446746e-04
1.686799589223145213e-04
3.249809660937439532e-04
2.131545343932034209e-04
1.598925884095624139e-04
2.204491234757289392e-04
2.323870967395839232e-04
4.372480500912231602e-04
4.153515568893033361e-04
2.385681434647693444e-04
8.557701013041580426e-05
1.329404708807525870e-04
2.330527642802858457e-04
2.207951116088499588e-04
2.604277531147725089e-04
1.458845473189251951e-04
2.606889777237789141e-04
1.717466177131900251e-04
2.084060525099802608e-04
2.504865930284538855e-04
1.664298255653132164e-04
2.580442162115302585e-04
2.800710091570395022e-04
2.654900643373585278e-04
2.017794520056334640e-04
2.592388658569852455e-04
3.118507687116696403e-04
2.636012550422967698e-04
2.169341101235788827e-04
2.221478825545387947e-04
1.869950677319646981e-04
1.657627224249356990e-04
3.862815165482594987e-04
1.418548901400071283e-04
1.788912425178430798e-04
3.978258216005047324e-04
2.280194321801348734e-04
1.692650329923328645e-04
1.846848627095297457e-04
3.422888591393547647e-04
1.344524625415920160e-04
1.827671160880492418e-04
1.623685088723014758e-04
1.833198446455318320e-04
9.095096918288955723e-05
1.885090001779617108e-04
1.827613586976514770e-04
3.129027115804233761e-04
3.572140057700907978e-04
1.541608443774884762e-04
2.998753948983828854e-04
2.950181563514692878e-04
2.077009632227722752e-04
1.562723224378566311e-04
2.649200486166854163e-04
1.633625566445206373e-04
2.258433825765016056e-04
2.034995583594101376e-04
2.377495260760462137e-04
2.025933815483216272e-04
2.660932792071524222e-04
2.438435185644904912e-04
2.893120809309424057e-04
2.154684497136793997e-04
1.120939783993968319e-04
1.142509213536424539e-04
1.828446875307143671e-04
1.535937098506856557e-04
1.626238129959212131e-04
1.483429134879754585e-04
1.867804564964492542e-04
1.291241419837385607e-04
1.925919090156602564e-04
1.512188374269696212e-04
2.482496054023730636e-04
2.003745056465555674e-04
1.882817483972454298e-04
1.786872638054326501e-04
1.144995844662433093e-04
9.512341945627778017e-05
1.488439650032535866e-04
3.683431785796165148e-04
1.292810698282076398e-04
1.277807092499305686e-04
1.650622481815661180e-04
1.210309492927219566e-04
1.136865399070652316e-04
2.159681042451788713e-04
1.224055813309199436e-04
1.479051919039964247e-04
1.866873242445388215e-04
1.276563776936301409e-04
1.483112485223259114e-04
1.780621135644838704e-04
1.520309506636285946e-04
1.111589305902160874e-04
1.610629164539023606e-04
1.601872404553145168e-04
1.289052811917490438e-04
9.872018702505869214e-05
9.931250814720904430e-05
1.397170043160311792e-04
2.222843335697444189e-04
1.196265149339126310e-04
2.110189755126059066e-04
2.020431180425321868e-04
2.423765532241701267e-04
2.165689621875487025e-04
2.565920404431704452e-04
2.477399857199287167e-04
2.896394676003251692e-04
2.107563839038508607e-04
2.027804492610064957e-04
2.215646157044497133e-04
1.770710167217741382e-04
1.615845915385102222e-04
2.444751696637666172e-04
2.206491347542596793e-04
1.581759011451619457e-04
2.145212906230140049e-04
1.864160322662400393e-04
1.224009437990735555e-04
2.057340600357983329e-04
1.811165468165306866e-04
1.708384792188516466e-04
2.021283281470262483e-04
1.895310743978174950e-04
1.375274151002199574e-04
4.211523886973721903e-04
3.897861685968166678e-04
1.498576182503014165e-04
1.241317153858004924e-04
1.986725728024343884e-04
1.363274846288287101e-04
1.239423061919851105e-04
1.341717228641667314e-04
1.283841412769229362e-04
1.536555514831602909e-04
1.279378597032043013e-04
1.489808866771379081e-04
1.747127936188377917e-04
2.033741496490961559e-04
1.387807898550579011e-04
1.366668322052098233e-04
1.611277110602285512e-04
1.338373960248053288e-04
1.478593217713181085e-04
1.635126526704430705e-04
1.040862983791163154e-04
2.827925429918810851e-04
1.618833016517259860e-04
1.201007425434899578e-04
4.044691831844304808e-04
2.245304158441761171e-04
2.560347956528860602e-04
2.341120178036733279e-04
2.012382518011878244e-04
1.970968945819162599e-04
2.165443012215502450e-04
1.903652926879984691e-04
9.356402575077388262e-05
1.422073062156935241e-04
1.619480544621416940e-04
1.797554807401909038e-04
1.760374995011387833e-04
1.183563036851846551e-04
1.141735988693798332e-04
1.885308321949996646e-04
1.271648193078289690e-04
1.013204740254528002e-04
1.561582794967625309e-04
1.371358616722023749e-04
1.801348642815336909e-04
1.458836605181396129e-04
9.915004188678494534e-05
9.337581319278365211e-05
1.882693340952250327e-04
2.265331577413799702e-04
2.033885047363973020e-04
1.211820238887382703e-04
1.486201332205130954e-04
8.706621951283218322e-05
5.145763580790014419e-04
2.365317781555884707e-04
2.729983174322141853e-04
2.378367545382096410e-04
2.469177787643717092e-04
2.076858285504079582e-04
1.506065451155891299e-04
1.629998537709016759e-04
1.658059158004890343e-04
1.230703257266187178e-04
1.851337928736387917e-04
1.079286352525642839e-04
1.580601581997083394e-04
1.407415263239980563e-04
1.245457259527529836e-04
1.070875433478498534e-04
2.481681669268820389e-04
1.317321921252279093e-04
1.900329545629457495e-04
2.644270092008842166e-04
2.322753861934718361e-04
1.731131415666792989e-04
1.983239504462792208e-04
1.806955726829685693e-04
2.241069430972261398e-04
1.877636573142963880e-04
9.717785969116411737e-05
1.280070655982068484e-04
1.974486623662827234e-04
1.207363733428494512e-04
1.646983016516528897e-04
1.779439594023109195e-04
1.148330460842977851e-04
1.113660240085467823e-04
1.233408253992797354e-04
2.034666086229890494e-04
1.573017036779131295e-04
1.345201010888100179e-04
1.734958612870096673e-04
1.273118374263033925e-04
1.263048297334076753e-04
2.072892814164624398e-04
1.809073604211973441e-04
2.292341384239181962e-04
1.407724925705962360e-04
1.308727404463801841e-04
1.271540141493388010e-04
1.251039633965306264e-04
1.106871852959330493e-04
1.596600339964365789e-04
1.171087930820838285e-04
1.303701954077965929e-04
1.220422437950910433e-04
2.709208514973795653e-04
2.780389501923479639e-04
1.325478525649945172e-04
1.464254721585782348e-04
1.122845678741060671e-04
1.729076979520632537e-04
1.668390768469474317e-04
1.533453365838224891e-04
1.007506300315930137e-04
1.049949734061306206e-04
1.443686904425596496e-04
1.907566766607554642e-04
1.341798930613521956e-04
2.160307356845886373e-04
1.837499330192837732e-04
2.009067564662236904e-04
1.886878050155749165e-04
1.838123316280637631e-04
1.792497826069716638e-04
2.255933224801220938e-04
1.716874437518445262e-04
1.301877123005557024e-04
1.945621218048254608e-04
1.855306216758112470e-04
2.320932551715809700e-04
2.060618594400959180e-04
3.074996455759010372e-04
2.336869808323982500e-04
1.772809668015851159e-04
3.035622467957577175e-04
1.835003385841638135e-04
1.645309286844170993e-04
2.320930223409511939e-04
1.944675925691363716e-04
1.566560147088155719e-04
1.863743998781197675e-04
1.953118364327044443e-04
2.733124257139896152e-04
1.648422232364277207e-04
2.317810292970512442e-04
1.681875337250504643e-04
2.390933080557988699e-04
2.538431284521136533e-04
1.492192879784526305e-04
1.392499460727003591e-04
1.548434282560087749e-04
1.696250300332879934e-04
1.780623463951136465e-04
1.095933774356017132e-04
1.344373369552287478e-04
2.253125287406121391e-04
2.097808630895092730e-04
1.634997218251388329e-04
1.517496912628590877e-04
1.534372476674761288e-04
2.001868441589560454e-04
1.913746704831909007e-04
1.583434546981177249e-04
1.622498870045008257e-04
2.099992582202392377e-04
1.533431840930465917e-04
2.254059916120176778e-04
1.680778493732982409e-04
1.602668424082404411e-04
1.963154700122763524e-04
2.141038582408050228e-04
3.369323588064965236e-04
1.910278505201160049e-04
1.700501319699850022e-04
3.784497038381781642e-04
1.778570774602613105e-04
2.122671194149925757e-04
1.769772688883560624e-04
2.214389196470781251e-04
2.153808931307094054e-04
1.759104861903029032e-04
2.136784564637271913e-04
2.538990287012264299e-04
2.020798280504051275e-04
1.306706214260103076e-04
1.557521192971540736e-04
1.441320963612002098e-04
1.900439577977829086e-04
1.732715379477549333e-04
1.475303032430902439e-04
2.915389534858797010e-04
1.980229953346479901e-04
1.680269205692145468e-04
1.750585268875618633e-04
1.908387906858245719e-04
1.873371247753602767e-04
1.572498122042829266e-04
1.498691666495053504e-04
1.568980575947839101e-04
1.395528644008471597e-04
1.541059308759282903e-04
1.692294919077800414e-04
1.796304559164782488e-04
1.891039190084781857e-04
1.862821507925532111e-04
2.226427550855733864e-04
1.748340177380397834e-04
2.220387320095639980e-04
1.481106802675201742e-04
1.602984074270700707e-04
1.876377257004806579e-04
1.332297242088633510e-04
1.791385663432783909e-04
1.559344949615890097e-04
2.625393218087532579e-04
2.114609298438513418e-04
2.228037298671252213e-04
2.440501633580046369e-04
9.267778677169563866e-04
1.944433745492118309e-04
1.567611368295538168e-04
2.888216496725101029e-04
2.401841470416471447e-04
1.666820513272220146e-04
1.542983184846039024e-04
1.013070054947512932e-03
2.582444173889536163e-04
1.550477105568756619e-04
2.899544763119736232e-04
3.028849599844320173e-04
2.256698324422799946e-04
2.398222828126333334e-04
2.679870095195317770e-04
1.816312242617348569e-04
2.172993866273826777e-04
1.724617768683340407e-04
2.283306774401531319e-04
1.941340160122829658e-04
2.846833884759588512e-04
2.238038121549629222e-04
2.251312888353652897e-04
2.833036973121077357e-04
2.459696510982885276e-04
2.527941094817662965e-04
2.274126205881786891e-04
2.914171637585991070e-04
2.957951369225962635e-04
2.566862771073057450e-04
3.364605982930247291e-04
2.978385898232708759e-04
1.946915015834998694e-04
1.050813878696807424e-04
4.197356190853525001e-04
2.166753187649314918e-04
9.356190100944983181e-04
1.284781049045026317e-04
2.259066566284578803e-04
1.997535325006750614e-04
3.172328338477163265e-04
2.253113516398376481e-04
1.880932791577067872e-04
2.434976739913831748e-04
2.060097723888118168e-04
2.036172852489855772e-04
2.453152339335928390e-04
3.230225883694261627e-04
2.225270621135366778e-04
2.332010235564889455e-04
2.910349848867649358e-04
1.942423256411241611e-04
1.478545352278128056e-04
1.827256454320345426e-04
1.904718868662043894e-04
3.667871176458361443e-04
2.046464484232119255e-04
2.485231416407924707e-04
3.168383029134190162e-04
1.620382192025378310e-04
3.201392261164845779e-04
2.568618936417479959e-04
2.211421178363809706e-04
2.641953365911621152e-04
2.601620849615937300e-04
2.943943955982931786e-04
2.767869583378979731e-04
2.720631946629371509e-04
2.987830998692833639e-04
3.120522578399960445e-04
2.414316226633786075e-04
2.260419155508692352e-04
2.817636106038790694e-04
3.279277127944332793e-04
2.194349986615225234e-04
2.509373331383412536e-04
2.629698465411809544e-04
2.787911671248456680e-04
2.551841679141915453e-04
2.056935761273834956e-04
1.130282357201944921e-04
2.300395665821193536e-04
3.179340320239813084e-04
2.526082202327865206e-04
1.652033237810254795e-04
3.547214141799434964e-04
2.628090257685965908e-04
2.753580047558422741e-04
3.150103575893532099e-04
2.413510042059922173e-04
1.811546751604702771e-04
9.996433419093243497e-05
